1692576561590
1692576575698
1692576589832
1692576603979
1692576618116
1692576632277
1692576646397
1692576660496
1692576674567
1692576688658
1692576702747
1692576716859
1692576730961
1692576745042
1692576759156
1692576773273
1692576787377
1692576801455
1692576815545
1692576829660
1692576843792
1692576857896
1692576872058
1692576886212
1692576900381
1692576914506
1692576928602
1692576942696
1692576956832
1692576970960
1692576985077
1692576999203
1692577013315
1692577027428
1692577041559
1692577055690
1692577069846
1692577084013
1692577098154
1692577112283
1692577126393
1692577140513
1692577154640
1692577168797
1692577182951
1692577197097
1692577211250
1692577225396
1692577239527
1692577253665
1692577267797
1692577281948
1692577296090
1692577310192
1692577324286
1692577338381
1692577352467
1692577366532
1692577380648
1692577394746
1692577408839
1692577422917
1692577437038
1692577451149
1692577465236
1692577479339
1692577493441
1692577507582
1692577521682
1692577535771
1692577549864
1692577563968
1692577578065
1692577592161
1692577606298
1692577620420
1692577634519
1692577648599
1692577662714
1692577676812
1692577690896
1692577705006
1692577719137
1692577733278
1692577747400
1692577761518
1692577775623
1692577789709
1692577803808
1692577817937
1692577832061
1692577846213
1692577860350
1692577874497
1692577888618
1692577902783
1692577916936
1692577931082
1692577945265
1692577959388
1692577973533
1692577987673
1692578001798
1692578015926
1692578030064
1692578044203
1692578058338
1692578072484
1692578086636
1692578100796
1692578114926
1692578129077
1692578143234
1692578157388
1692578171515
1692578185653
1692578199805
1692578213937
1692578228077
1692578242238
1692578256382
1692578270535
1692578284702
1692578298819
1692578312963
1692578327112
1692578341254
1692578355412
1692578369562
1692578383711
1692578397859
1692578411999
1692578426137
1692578440231
1692578454328
1692578468412
1692578482507
1692578496602
1692578510693
1692578524790
1692578538862
1692578552982
1692578567080
1692578581168
1692578595252
1692578609346
1692578623457
1692578637611
1692578651782
1692578665939
1692578680066
1692578694148
1692578708266
1692578722381
1692578736534
1692578750628
1692578764695
1692578778780
1692578792872
1692578806967
1692578821066
1692578835217
1692578849374
1692578863495
1692578877602
1692578891721
1692578905846
1692578920003
1692578934164
1692578948275
1692578962362
1692578976451
1692578990549
1692579004661
1692579018790
1692579032948
1692579047110
1692579061275
1692579075408
1692579089560
1692579103729
1692579117885
1692579132040
1692579146136
1692579160214
1692579174311
1692579188429
1692579202537
1692579216674
1692579230828
1692579244989
1692579259136
1692579273235
1692579287383
1692579301529
1692579315689
1692579329826
1692579343932
1692579358077
1692579372237
1692579386381
1692579400500
1692579414612
1692579428709
1692579442809
1692579456932
1692579471042
1692579485128
1692579499239
1692579513368
1692579527487
1692579541571
1692579555672
1692579569769
1692579583861
1692579597961
1692579612079
1692579626221
1692579640364
1692579654493
1692579668646
1692579682781
1692579696904
1692579711045
1692579725185
1692579739330
1692579753484
1692579767637
1692579781793
1692579795956
1692579810110
1692579824249
1692579838388
1692579852537
1692579866687
1692579880826
1692579894932
1692579909066
1692579923170
1692579937294
1692579951426
1692579965563
1692579979702
1692579993846
1692580008002
1692580022143
1692580036310
1692580050468
1692580064608
1692580078778
1692580092901
1692580107025
1692580121158
1692580135295
1692580149445
1692580163602
1692580177728
1692580191876
1692580206037
1692580220173
1692580234302
1692580248426
1692580262536
1692580276632
1692580290739
1692580304834
1692580319003
1692580333085
1692580347191
1692580361327
1692580375449
1692580389600
1692580403717
1692580417813
1692580431911
1692580446018
1692580460100
1692580474211
1692580488323
1692580502432
1692580516534
1692580530626
1692580544721
1692580558816
1692580572916
1692580587012
1692580601113
1692580615193
1692580629298
1692580643393
1692580657495
1692580671578
1692580685659
1692580699749
1692580713841
1692580727927
1692580742035
1692580756108
1692580770205
1692580784305
1692580798395
1692580812486
1692580826576
1692580840665
1692580854773
1692580868912
1692580883036
1692580897166
1692580911295
1692580925411
1692580939500
1692580953599
1692580967717
1692580981824
1692580995916
1692581009995
1692581024081
1692581038165
1692581052254
1692581066362
1692581080452
1692581094553
1692581108680
1692581122815
1692581136971
1692581151123
1692581165249
1692581179362
1692581193511
1692581207661
1692581221803
1692581235901
1692581250007
1692581264112
1692581278242
1692581292343
1692581306428
1692581320522
1692581334618
1692581348725
1692581362826
1692581376921
1692581391017
1692581405126
1692581419266
1692581433422
1692581447565
1692581461703
1692581475845
1692581489971
1692581504140
1692581518277
1692581532453
1692581546626
1692581560769
1692581574905
1692581589036
1692581603186
1692581617359
1692581631489
1692581645627
1692581659767
1692581673908
1692581688006
1692581702136
1692581716277
1692581730415
1692581744564
1692581758701
1692581772843
1692581787002
1692581801143
1692581815279
1692581829435
1692581843577
1692581857717
1692581871859
1692581886003
1692581900137
1692581914292
1692581928436
1692581942576
1692581956707
1692581970834
1692581985003
1692581999129
1692582013251
1692582027356
1692582041458
1692582055567
1692582069670
1692582083808
1692582097940
1692582112090
1692582126236
1692582140392
1692582154516
1692582168667
1692582182799
1692582196958
1692582211117
1692582225257
1692582239380
1692582253533
1692582267693
1692582281834
1692582295989
1692582310139
1692582324264
1692582338432
1692582352591
1692582366768
1692582380881
1692582395007
1692582409146
1692582423294
1692582437437
1692582451582
1692582465734
1692582479887
1692582494032
1692582508163
1692582522310
1692582536431
1692582550578
1692582564715
1692582578857
1692582593012
1692582607166
1692582621320
1692582635457
1692582649594
1692582663729
1692582677840
1692582691945
1692582706029
1692582720119
1692582734267
1692582748374
1692582762473
1692582776550
1692582790660
1692582804802
1692582818894
1692582832994
1692582847098
1692582861207
1692582875294
1692582889409
1692582903487
1692582917562
1692582931661
1692582945762
1692582959878
1692582974011
1692582988146
1692583002251
1692583016421
1692583030575
1692583044732
1692583058871
1692583072973
1692583087082
1692583101235
1692583115380
1692583129465
1692583143561
1692583157650
1692583171732
1692583185839
1692583199962
1692583214062
1692583228204
1692583242338
1692583256478
1692583270636
1692583284782
1692583298935
1692583313076
1692583327211
1692583341346
1692583355487
1692583369635
1692583383795
1692583397938
1692583412051
1692583426190
1692583440319
1692583454482
1692583468618
1692583482734
1692583496873
1692583511014
1692583525162
1692583539307
1692583553448
1692583567590
1692583581734
1692583595886
1692583610029
1692583624172
1692583638313
1692583652456
1692583666608
1692583680765
1692583694918
1692583709041
1692583723171
1692583737302
1692583751452
1692583765602
1692583779747
1692583793895
1692583808012
1692583822097
1692583836216
1692583850345
1692583864529
1692583878655
1692583892734
1692583906868
1692583920969
1692583935066
1692583949140
1692583963248
1692583977373
1692583991465
1692584005557
1692584019633
1692584033742
1692584047899
1692584061996
1692584076093
1692584090193
1692584104305
1692584118441
1692584132579
1692584146727
1692584160872
1692584174983
1692584189147
1692584203287
1692584217435
1692584231577
1692584245721
1692584259858
1692584274017
1692584288169
1692584302318
1692584316476
1692584330637
1692584344778
1692584358922
1692584373077
1692584387231
1692584401381
1692584415527
1692584429676
1692584443823
1692584457963
1692584472099
1692584486220
1692584500378
1692584514513
1692584528654
1692584542773
1692584556914
1692584571060
1692584585203
1692584599357
1692584613503
1692584627645
1692584641793
1692584655939
1692584670060
1692584684192
1692584698331
1692584712441
1692584726552
1692584740646
1692584754762
1692584768883
1692584782966
1692584797041
1692584811122
1692584825212
1692584839314
1692584853443
1692584867569
1692584881680
1692584895838
1692584909928
1692584924010
1692584938103
1692584952208
1692584966287
1692584980379
1692584994456
1692585008566
1692585022719
1692585036872
1692585051014
1692585065162
1692585079316
1692585093463
1692585107619
1692585121773
1692585135902
1692585150061
1692585164201
1692585178343
1692585192467
1692585206608
1692585220740
1692585234888
1692585249037
1692585263177
1692585277324
1692585291474
1692585305628
1692585319781
1692585333937
1692585348077
1692585362220
1692585376369
1692585390514
1692585404680
1692585418829
1692585432964
1692585447102
1692585461254
1692585475393
1692585489532
1692585503683
1692585517839
1692585531969
1692585546113
1692585560258
1692585574396
1692585588540
1692585602670
1692585616759
1692585630865
1692585644964
1692585659039
1692585673129
1692585687289
1692585701443
1692585715574
1692585729742
1692585743887
1692585758025
1692585772180
1692585786331
1692585800462
1692585814600
1692585828764
1692585842910
1692585857077
1692585871232
1692585885394
1692585899503
1692585913661
1692585927795
1692585941938
1692585956085
1692585970218
1692585984377
1692585998508
1692586012671
1692586026824
1692586040976
1692586055147
1692586069297
1692586083429
1692586097586
1692586111738
1692586125893
1692586140022
1692586154174
1692586168325
1692586182482
1692586196626
1692586210771
1692586224909
1692586239037
1692586253186
1692586267328
1692586281450
1692586295555
1692586309658
1692586323801
1692586337955
1692586352057
1692586366183
1692586380326
1692586394473
1692586408617
1692586422748
1692586436877
1692586451021
1692586465166
1692586479317
1692586493461
1692586507621
1692586521755
1692586535895
1692586550042
1692586564169
1692586578308
1692586592439
1692586606573
1692586620707
1692586634856
1692586649030
1692586663162
1692586677294
1692586691432
1692586705592
1692586719763
1692586733906
1692586748052
1692586762201
1692586776347
1692586790489
1692586804624
1692586818785
1692586832969
1692586847094
1692586861236
1692586875401
1692586889559
1692586903705
1692586917868
1692586932007
1692586946155
1692586960286
1692586974377
1692586988471
1692587002593
1692587016717
1692587030810
1692587044946
1692587059075
1692587073162
1692587087259
1692587101345
1692587115473
1692587129592
1692587143688
1692587157783
1692587171872
1692587186002
1692587200098
1692587214191
1692587228274
1692587242379
1692587256489
1692587270576
1692587284675
1692587298754
1692587312859
1692587326962
1692587341095
1692587355244
1692587369392
1692587383556
1692587397721
1692587411849
1692587426012
1692587440109
1692587454211
1692587468352
1692587482510
1692587496660
1692587510799
1692587524901
1692587538995
1692587553110
1692587567243
1692587581381
1692587595467
1692587609559
1692587623645
1692587637779
1692587651904
1692587665999
1692587680089
1692587694181
1692587708279
1692587722413
1692587736595
1692587750749
1692587764883
1692587779027
1692587793187
1692587807346
1692587821483
1692587835628
1692587849779
1692587863944
1692587878076
1692587892236
1692587906390
1692587920541
1692587934696
1692587948846
1692587962987
1692587977118
1692587991273
1692588005390
1692588019559
1692588033725
1692588047873
1692588061995
1692588076160
1692588090310
1692588104474
1692588118597
1692588132709
1692588146861
1692588161006
1692588175157
1692588189310
1692588203450
1692588217602
1692588231739
1692588245869
1692588260022
1692588274169
1692588288311
1692588302457
1692588316549
1692588330652
1692588344749
1692588358884
1692588373027
1692588387155
1692588401297
1692588415453
1692588429575
1692588443712
1692588457834
1692588471988
1692588486122
1692588500245
1692588514406
1692588528554
1692588542686
1692588556844
1692588570995
1692588585128
1692588599259
1692588613389
1692588627543
1692588641679
1692588655839
1692588669999
1692588684146
1692588698304
1692588712450
1692588726598
1692588740753
1692588754910
1692588769044
1692588783193
1692588797338
1692588811482
1692588825626
1692588839796
1692588853934
1692588868090
1692588882233
1692588896381
1692588910518
1692588924661
1692588938825
1692588952973
1692588967111
1692588981215
1692588995349
1692589009460
1692589023542
1692589037634
1692589051740
1692589065841
1692589079922
1692589094003
1692589108095
1692589122180
1692589136282
1692589150360
1692589164509
1692589178662
1692589192811
1692589206951
1692589221063
1692589235146
1692589249229
1692589263331
1692589277428
1692589291580
1692589305708
1692589319832
1692589333956
1692589348099
1692589362251
1692589376396
1692589390548
1692589404711
1692589418849
1692589432999
1692589447154
1692589461275
1692589475424
1692589489572
1692589503704
1692589517811
1692589531941
1692589546094
1692589560232
1692589574396
1692589588546
1692589602685
1692589616819
1692589630953
1692589645126
1692589659265
1692589673407
1692589687556
1692589701704
1692589715856
1692589729983
1692589744117
1692589758296
1692589772459
1692589786586
1692589800721
1692589814852
1692589828984
1692589843125
1692589857266
1692589871410
1692589885509
1692589899641
1692589913737
1692589927881
1692589941999
1692589956078
1692589970180
1692589984273
1692589998424
1692590012536
1692590026644
1692590040745
1692590054879
1692590069030
1692590083191
1692590097338
1692590111485
1692590125637
1692590139768
1692590153917
1692590168057
1692590182204
1692590196345
1692590210502
1692590224661
1692590238804
1692590252947
1692590267108
1692590281262
1692590295407
1692590309560
1692590323705
1692590337848
1692590352009
1692590366140
1692590380245
1692590394377
1692590408530
1692590422698
1692590436863
1692590451011
1692590465173
1692590479315
1692590493443
1692590507570
1692590521700
1692590535845
1692590549992
1692590564144
1692590578284
1692590592442
1692590606583
1692590620730
1692590634878
1692590649014
1692590663153
1692590677266
