1692821768534
1692821787680
1692821806888
1692821826051
1692821845229
1692821864371
1692821883509
1692821902667
1692821921874
1692821941067
1692821960223
1692821979391
1692821998598
1692822017818
1692822037019
1692822056232
1692822075412
1692822094596
1692822113809
1692822133020
1692822152215
1692822171416
1692822190625
1692822209832
1692822229009
1692822248211
1692822267399
1692822286544
1692822305691
1692822324859
1692822344062
1692822363232
1692822382374
1692822401513
1692822420639
1692822439796
1692822458948
1692822478092
1692822497226
1692822516373
1692822535535
1692822554721
1692822573908
1692822593060
1692822612188
1692822631348
1692822650552
1692822669675
1692822688796
1692822707910
1692822727065
1692822746189
1692822765379
1692822784576
1692822803717
1692822822853
1692822842039
1692822861215
1692822880336
1692822899448
1692822918552
1692822937672
1692822956759
1692822975863
1692822994991
1692823014117
1692823033233
1692823052352
1692823071502
1692823090670
1692823109840
1692823128972
1692823148118
1692823167257
1692823186369
1692823205497
1692823224651
1692823243827
1692823262965
1692823282117
1692823301238
1692823320351
1692823339480
1692823358619
1692823377801
1692823396944
1692823416069
1692823435179
1692823454321
1692823473467
1692823492583
1692823511731
1692823530865
1692823550014
1692823569161
1692823588277
1692823607404
1692823626536
1692823645709
1692823664876
1692823684046
1692823703227
1692823722336
1692823741459
1692823760587
1692823779721
1692823798846
1692823818031
1692823837203
1692823856321
1692823875442
1692823894588
1692823913727
1692823932863
1692823951964
1692823971098
1692823990225
1692824009338
1692824028482
1692824047676
1692824066838
1692824085966
1692824105109
1692824124260
1692824143399
1692824162529
1692824181655
1692824200807
1692824219940
1692824239118
1692824258252
1692824277359
1692824296493
1692824315653
1692824334809
1692824354015
1692824373221
1692824392393
1692824411513
1692824430690
1692824449865
1692824469012
1692824488178
1692824507307
1692824526441
1692824545643
1692824564851
1692824584015
1692824603172
1692824622293
1692824641407
1692824660527
1692824679668
1692824698800
1692824717942
1692824737075
1692824756195
1692824775326
1692824794465
1692824813600
1692824832708
1692824851850
1692824870957
1692824890093
1692824909240
1692824928366
1692824947500
1692824966627
1692824985755
1692825004863
1692825023998
1692825043128
1692825062284
1692825081421
1692825100535
1692825119664
1692825138839
1692825158018
1692825177169
1692825196293
1692825215422
1692825234565
1692825253664
1692825272789
1692825291905
1692825311024
1692825330176
1692825349358
1692825368550
1692825387769
1692825406929
1692825426086
1692825445273
1692825464479
1692825483624
1692825502826
1692825522029
1692825541212
1692825560417
1692825579615
1692825598778
1692825617953
1692825637116
1692825656312
1692825675473
1692825694622
1692825713741
1692825732880
1692825752004
1692825771171
1692825790315
1692825809479
1692825828606
1692825847770
1692825866925
1692825886093
1692825905220
1692825924408
1692825943575
1692825962712
1692825981812
1692826000936
1692826020099
1692826039292
1692826058459
1692826077601
1692826096734
1692826115909
1692826135089
1692826154210
1692826173335
1692826192450
1692826211591
1692826230734
1692826249890
1692826269083
1692826288228
1692826307353
1692826326506
1692826345628
1692826364751
1692826383871
1692826403010
1692826422129
1692826441273
1692826460400
1692826479520
1692826498640
1692826517757
1692826536877
1692826555990
1692826575124
1692826594285
1692826613426
1692826632562
1692826651687
1692826670875
1692826690026
1692826709227
1692826728344
1692826747514
1692826766631
1692826785764
1692826804946
1692826824098
1692826843207
1692826862354
1692826881521
1692826900724
1692826919903
1692826939038
1692826958186
1692826977311
1692826996438
1692827015611
1692827034817
1692827054005
1692827073196
1692827092399
1692827111589
1692827130714
1692827149847
1692827168965
1692827188090
1692827207246
1692827226390
1692827245530
1692827264677
1692827283799
1692827302959
1692827322093
1692827341267
1692827360480
1692827379637
1692827398794
1692827417915
1692827437043
1692827456184
1692827475369
1692827494553
1692827513703
1692827532851
1692827552031
1692827571172
1692827590274
1692827609407
1692827628519
1692827647645
1692827666785
1692827685917
1692827705053
1692827724190
1692827743327
1692827762477
1692827781597
1692827800725
1692827819881
1692827839024
1692827858168
1692827877320
1692827896466
1692827915588
1692827934743
1692827953862
1692827973000
1692827992120
1692828011278
1692828030467
1692828049623
1692828068753
1692828087923
1692828107093
1692828126237
1692828145371
1692828164523
1692828183694
1692828202840
1692828222008
1692828241136
1692828260287
1692828279419
1692828298541
1692828317647
1692828336763
1692828355952
1692828375123
1692828394306
1692828413446
1692828432606
1692828451755
1692828470871
1692828490044
1692828509245
1692828528398
1692828547533
1692828566706
1692828585889
1692828605094
1692828624260
1692828643396
1692828662528
1692828681666
1692828700803
1692828719949
1692828739072
1692828758194
1692828777382
1692828796519
1692828815674
1692828834851
1692828853983
1692828873134
1692828892268
1692828911400
1692828930525
1692828949679
1692828968815
1692828987942
1692829007110
1692829026323
1692829045488
1692829064638
1692829083787
1692829102995
1692829122176
1692829141302
1692829160430
1692829179558
1692829198695
1692829217865
1692829237042
1692829256221
1692829275371
1692829294576
1692829313744
1692829332893
1692829351988
1692829371104
1692829390264
1692829409420
1692829428615
1692829447770
1692829466923
1692829486135
1692829505350
1692829524536
1692829543683
1692829562798
1692829581934
1692829601075
1692829620236
1692829639433
1692829658624
1692829677796
1692829696958
1692829716124
1692829735257
1692829754383
1692829773543
1692829792677
1692829811855
1692829831054
1692829850233
1692829869429
1692829888606
1692829907790
1692829926953
1692829946077
1692829965225
1692829984357
1692830003498
1692830022665
1692830041836
1692830060978
1692830080142
1692830099320
1692830118485
1692830137605
1692830156778
1692830175930
1692830195104
1692830214310
1692830233516
1692830252692
1692830271895
1692830291084
1692830310290
1692830329444
1692830348674
1692830367892
1692830387050
1692830406258
1692830425474
1692830444652
1692830463842
1692830483001
1692830502203
1692830521415
1692830540596
1692830559735
1692830578924
1692830598108
1692830617327
1692830636531
1692830655733
1692830674952
1692830694139
1692830713345
1692830732568
1692830751762
1692830770970
1692830790135
1692830809318
1692830828498
1692830847697
1692830866893
1692830886102
1692830905276
1692830924443
1692830943600
1692830962777
1692830981927
1692831001090
1692831020262
1692831039437
1692831058588
1692831077768
1692831096956
1692831116178
1692831135406
1692831154589
1692831173746
1692831192953
1692831212154
1692831231307
1692831250484
1692831269670
1692831288870
1692831308068
1692831327236
