1692636588257
1692636597536
1692636606832
1692636616100
1692636625383
1692636634642
1692636643943
1692636653213
1692636662518
1692636671809
1692636681088
1692636690360
1692636699684
1692636708982
1692636718252
1692636727581
1692636736911
1692636746195
1692636755487
1692636764763
1692636774061
1692636783374
1692636792661
1692636801974
1692636811269
1692636820549
1692636829832
1692636839112
1692636848395
1692636857683
1692636866982
1692636876248
1692636885532
1692636894814
1692636904092
1692636913380
1692636922664
1692636931967
1692636941263
1692636950565
1692636959867
1692636969169
1692636978457
1692636987750
1692636997018
1692637006331
1692637015671
1692637025003
1692637034328
1692637043631
1692637052950
1692637062285
1692637071624
1692637080965
1692637090310
1692637099646
1692637108976
1692637118321
1692637127668
1692637137006
1692637146344
1692637155685
1692637165030
1692637174355
1692637183701
1692637193048
1692637202379
1692637211710
1692637221035
1692637230360
1692637239703
1692637249038
1692637258371
1692637267716
1692637277039
1692637286365
1692637295702
1692637304991
1692637314293
1692637323565
1692637332839
1692637342105
1692637351366
1692637360657
1692637369944
1692637379288
1692637388584
1692637397867
1692637407109
1692637416369
1692637425641
1692637434961
1692637444254
1692637453541
1692637462835
1692637472098
1692637481368
1692637490672
1692637499950
1692637509234
1692637518520
1692637527806
1692637537100
1692637546397
1692637555679
1692637565007
1692637574327
1692637583619
1692637592918
1692637602192
1692637611458
1692637620705
1692637629970
1692637639210
1692637648481
1692637657744
1692637667061
1692637676358
1692637685657
1692637694956
1692637704293
1692637713624
1692637722957
1692637732280
1692637741622
1692637750954
1692637760292
1692637769584
1692637778924
1692637788250
1692637797574
1692637806915
1692637816218
1692637825547
1692637834866
1692637844201
1692637853550
1692637862902
1692637872223
1692637881561
1692637890880
1692637900217
1692637909569
1692637918889
1692637928232
1692637937543
1692637946849
1692637956162
1692637965481
1692637974811
1692637984150
1692637993495
1692638002834
1692638012178
1692638021511
1692638030838
1692638040161
1692638049504
1692638058827
1692638068150
1692638077499
1692638086840
1692638096161
1692638105512
1692638114847
1692638124183
1692638133514
1692643602470
1692643616799
1692643631141
1692643645508
1692643659849
1692643674184
1692643688496
1692643702797
1692643717113
1692643731423
1692643745743
1692643760048
1692643774358
1692643788674
1692643803004
1692643817312
1692643831649
1692643845951
1692643860293
1692643874643
1692643889005
1692643903364
1692643917708
1692643932049
1692643946395
1692643960741
1692643975105
1692643989455
1692644003813
1692644018152
1692644032502
1692644046870
1692644061200
1692644075535
1692644089864
1692644104181
1692644118504
1692644132817
1692644147125
1692644161447
1692644175787
1692644190122
1692644204446
1692644218776
1692644233083
1692644247421
1692644261734
1692644276070
1692644290415
1692644304752
1692644319054
1692644333357
1692644347669
1692644361996
1692644376317
1692644390622
1692644404947
1692644419286
1692644433610
1692644447918
1692644462240
1692644476563
1692644490855
1692644505184
1692644519577
1692644533965
1692644548372
1692644562782
1692644577194
1692644591628
1692644606036
1692644620443
1692644634868
1692644649247
1692644663611
1692644677989
1692644692390
1692644706776
1692644721082
1692644735443
1692644749821
1692644764186
1692644778548
1692644792893
1692644807260
1692644821608
1692644835967
1692644850364
1692644864773
1692644879224
1692644893646
1692644908027
1692644922404
1692644936779
1692644951131
1692644965516
1692644979888
1692644994248
1692645008622
1692645022986
1692645037340
1692645051721
1692645066127
1692645080532
1692645094938
1692645109265
1692645123575
1692645137885
1692645152203
1692645166515
1692645180825
1692645195137
1692645209463
1692645223766
1692645238096
1692645252416
1692645266721
1692645281039
1692645295332
1692645309628
1692645323936
1692645338253
1692645352579
1692645366915
1692645381199
1692645395524
1692645409836
1692645424159
1692645438478
1692645452818
1692645467198
1692645481562
1692645495922
1692645510261
1692645524586
1692645538938
1692645553276
1692645567609
1692645581912
1692645596229
1692645610548
1692645624880
1692645639228
1692645653557
1692645667909
1692645682285
1692645696634
1692645710991
1692645725345
1692645739721
1692645754041
1692645768349
1692645782674
1692645796995
1692645811297
1692645825616
1692645839953
1692645854294
1692645868647
1692645882985
1692645897286
1692645911608
1692645925953
1692645940264
1692645954582
1692645968891
1692645983211
1692645997510
1692646011840
1692646026179
1692646040516
1692646054846
1692646069212
1692646083556
1692646097878
1692646112223
1692646126519
1692646140837
1692646155195
1692646169555
1692646183896
1692646198271
1692646212612
1692646226982
1692646241345
1692646255751
1692646270155
1692646284517
1692646298884
1692646313251
1692646327627
1692646341982
1692646356340
1692646370707
1692646385088
1692646399453
1692646413834
1692646428204
1692646442547
1692646456918
1692646471273
1692646485636
1692646500002
1692646514378
1692646528744
1692646543155
1692646557561
1692646571967
1692646586351
1692646600751
1692646615151
1692646629567
1692646643974
1692646658407
1692646672778
1692646687139
1692646701511
1692646715864
1692646730227
1692646744590
1692646758956
1692646773326
1692646787688
1692646802081
1692646816401
1692646830712
1692646845014
1692646859340
1692646873703
1692646888071
1692646902436
1692646916786
1692646931142
1692646945496
1692646959852
1692646974205
1692646988552
1692647002903
1692647017266
1692647031625
1692647045983
1692647060355
1692647074765
1692647089189
1692647103591
1692647117992
1692647132356
1692647146703
1692647161050
1692647175422
1692647189778
1692647204162
1692647218551
1692647232939
1692647247352
1692647261723
1692647276090
1692647290446
1692647304806
1692647319179
1692647333552
1692647347912
1692647362266
1692647376605
1692647390972
1692647405340
1692647419685
1692647434047
1692647448389
1692647462791
1692647477175
1692647491524
1692647505897
1692647520245
1692647534565
1692647548892
1692647563198
1692647577515
1692647591817
1692647606147
1692647620481
1692647634824
1692647649174
1692647663490
1692647677824
1692647692150
1692647706467
1692647720781
1692647735144
1692647749489
1692647763871
1692647778226
1692647792549
1692647806888
1692647821201
1692647835519
1692647849850
1692647864159
1692647878503
1692647892856
1692647907204
1692647921555
1692647935904
1692647950264
1692647964613
1692647978926
1692647993254
1692648007595
1692648021964
1692648036333
1692648050732
1692648065133
1692648079536
1692648093893
1692648108277
1692648122641
1692648137000
1692648151359
1692648165736
1692648180101
1692648194472
1692648208820
1692648223170
1692648237527
1692648251878
1692648266230
1692648280588
1692648294953
1692648309325
1692648323692
1692648338060
1692648352436
1692648366786
1692648381175
1692648395537
1692648409915
1692648424263
1692648438624
1692648452997
1692648467359
1692648481733
1692648496112
1692648510466
1692648524846
1692648539203
1692648553562
1692648567952
1692648582308
1692648596678
1692648611008
1692648625346
1692648639678
1692648653974
1692648668297
1692648682604
1692648696908
1692648711200
1692648725504
1692648739834
1692648754138
1692648768462
1692648782817
1692648797178
1692648811527
1692648825872
1692648840214
1692648854569
1692648868923
1692648883280
1692648897614
1692648911965
1692648926315
1692648940685
1692648955000
1692648969308
1692648983623
1692648997939
1692649012281
1692649026608
1692649040960
1692649055285
1692649069638
1692649083966
1692649098323
1692649112657
1692649127001
1692649141380
1692649155729
1692649170060
1692649184405
1692649198793
1692649213146
1692649227479
1692649241789
1692649256157
1692649270535
1692649284871
1692649299183
1692649313519
1692649327846
1692649342182
1692649356491
1692649370855
1692649385219
1692649399587
1692649413942
1692649428315
1692649442678
1692649457037
1692649471391
1692649485770
1692649500181
1692649514585
1692649528990
1692649543383
1692649557734
1692649572131
1692649586564
1692649600990
1692649615370
1692649629724
1692649644099
1692649658464
1692649672834
1692649687236
1692649701634
1692649716038
1692649730450
1692649744833
1692649759233
1692649773613
1692649788021
1692649802416
1692649816784
1692649831169
1692649845575
1692649859991
1692649874365
1692649888771
1692649903177
1692649917573
1692649931998
1692649946368
1692649960692
1692649975005
1692649989301
1692650003650
1692650017951
1692650032308
1692650046621
1692650060934
1692650075258
1692650089554
1692650103873
1692650118195
1692650132515
1692650146841
1692650161162
1692650175480
1692650189801
1692650204127
1692650218435
1692650232771
1692650247141
1692650261512
1692650275871
1692650290233
1692650304592
1692650318951
1692650333323
1692650347694
1692650362096
1692650376484
1692650390864
1692650405228
1692650419592
1692650433964
1692650448341
1692650462693
1692650477058
1692650491410
1692650505770
1692650520129
1692650534502
1692650548877
1692650563253
1692650577627
1692650591993
1692650606382
1692650620806
1692650635227
1692650649627
1692650663980
1692650678337
1692650692700
1692650707075
1692650721438
1692650735812
1692650750176
1692650764543
