1692721452803
1692721471965
1692721491167
1692721510341
1692721529521
1692721548725
1692721567919
1692721587134
1692721606319
1692721625429
1692721644640
1692721663854
1692721683073
1692721702261
1692721721451
1692721740651
1692721759855
1692721779059
1692721798242
1692721817422
1692721836596
1692721855783
1692721874939
1692721894149
1692721913306
1692721932461
1692721951651
1692721970836
1692721989988
1692722009170
1692722028355
1692722047565
1692722066778
1692722085965
1692722105176
1692722124385
1692722143585
1692722162796
1692722181968
1692722201191
1692722220381
1692722239584
1692722258813
1692722277999
1692722297196
1692722316361
1692722335496
1692722354664
1692722373842
1692722393021
1692722412206
1692722431369
1692722450574
1692722469771
1692722488963
1692722508161
1692722527404
1692722546590
1692722565797
1692722585006
1692722604214
1692722623415
1692722642637
1692722661874
1692722681116
1692722700331
1692722719528
1692722738758
1692722757978
1692722777201
1692722796428
1692722815649
1692722834854
1692722854062
1692722873256
1692722892468
1692722911693
1692722930829
1692722950027
1692722969215
1692722988419
1692723007622
1692723026841
1692723046038
1692723065264
1692723084499
1692723103713
1692723122902
1692723142092
1692723161284
1692723180462
1692723199663
1692723218836
1692723238014
1692723257217
1692723276394
1692723295582
1692723314774
1692723333978
1692723353171
1692723372364
1692723391557
1692723410750
1692723429963
1692723449181
1692723468348
1692723487549
1692723506765
1692723525977
1692723545170
1692723564364
1692723583565
1692723602781
1692723621989
1692723641216
1692723660433
1692723679653
1692723698854
1692723718074
1692723737266
1692723756461
1692723775679
1692723794902
1692723814117
1692723833336
1692723852562
1692723871784
1692723891008
1692723910231
1692723929441
1692723948638
1692723967842
1692723987058
1692724006270
1692724025451
1692724044667
1692724063849
1692724083045
1692724102243
1692724121443
1692724140625
1692724159854
1692724179075
1692724198300
1692724217483
1692724236668
1692724255873
1692724275104
1692724294313
1692724313509
1692724332729
1692724351917
1692724371139
1692724390351
1692724409585
1692724428811
1692724448048
1692724467280
1692724486481
1692724505654
1692724524874
1692724544096
1692724563340
1692724582545
1692724601759
1692724620962
1692724640149
1692724659341
1692724678586
1692724697790
1692724716979
1692724736194
1692724755376
1692724774562
1692724793793
1692724813035
1692724832263
1692724851452
1692724870634
1692724889826
1692724909005
1692724928195
1692724947380
1692724966574
1692724985786
1692725005007
1692725024201
1692725043390
1692725062634
1692725081839
1692725101057
1692725120263
1692725139480
1692725158669
1692725177865
1692725197062
1692725216278
1692725235467
1692725254649
1692725273885
1692725293104
1692725312316
1692725331512
1692725350671
1692725369870
1692725389076
1692725408296
1692725427500
1692725446727
1692725465965
1692725485202
1692725504411
1692725523655
1692725542825
1692725562027
1692725581208
1692725600412
1692725619596
1692725638792
1692725658026
1692725677171
1692725696389
1692725715618
1692725734826
1692725754012
1692725773225
1692725792412
1692725811567
1692725830760
1692725849950
1692725869136
1692725888320
1692725907511
1692725926690
1692725945891
1692725965083
1692725984277
1692726003466
1692726022650
1692726041844
1692726061035
1692726080237
1692726099479
1692726118695
1692726137878
1692726157073
1692726176295
1692726195514
1692726214710
1692726233935
1692726253137
1692726272355
1692726291589
1692726310828
1692726330000
1692726349193
1692726368427
1692726387653
1692726406872
1692726426075
1692726445309
1692726464544
1692726483763
1692726502968
1692726522117
1692726541278
1692726560483
1692726579668
1692726598901
1692726618116
1692726637328
1692726656500
1692726675633
1692726694823
1692726713945
1692726733086
1692726752274
1692726771468
1692726790683
1692726809875
1692726829044
1692726848227
1692726867421
1692726886632
1692726905828
1692726925044
1692726944230
1692726963446
1692726982662
1692727001869
1692727021069
1692727040295
1692727059500
1692727078742
1692727097949
1692727117139
1692727136324
1692727155528
1692727174728
1692727193946
1692727213152
1692727232356
1692727251560
1692727270761
1692727289940
1692727309140
1692727328312
1692727347531
1692727366775
1692727385968
1692727405192
1692727424388
1692727443610
1692727462844
1692727482070
1692727501295
1692727520528
1692727539756
1692727558954
1692727578153
1692727597343
1692727616540
1692727635733
1692727654921
1692727674136
1692727693337
1692727712541
1692727731712
1692727750901
1692727770116
1692727789305
1692727808493
1692727827675
1692727846853
1692727866045
1692727885236
1692727904364
1692727923469
1692727942558
1692727961758
1692727980936
1692728000115
1692728019297
1692728038497
1692728057677
1692728076882
1692728096076
1692728115292
1692728134484
1692728153686
1692728172890
1692728192097
1692728211310
1692728230542
1692728249757
1692728268960
1692728288187
1692728307397
1692728326617
1692728345826
1692728365028
1692728384264
1692728403471
1692728422684
1692728441913
1692728461059
1692728480287
1692728499501
1692728518702
1692728537933
1692728557166
1692728576397
1692728595608
1692728614819
1692728634025
1692728653233
1692728672463
1692728691701
1692728710918
1692728730118
1692728749299
1692728768484
1692728787697
1692728806904
1692728826155
1692728845372
1692728864589
1692728883826
1692728903034
1692728922258
1692728941464
1692728960699
1692728979931
1692728999118
1692729018324
1692729037554
1692729056790
1692729075994
1692729095201
1692729114426
1692729133663
1692729152859
1692729172047
1692729191223
1692729210375
1692729229538
1692729248753
1692729267950
1692729287163
1692729306358
1692729325557
1692729344778
1692729363998
1692729383206
1692729402410
1692729421634
1692729440786
1692729459960
1692729479150
1692729498353
1692729517530
1692729536714
1692729555888
1692729575085
1692729594275
1692729613498
1692729632685
1692729651894
1692729671095
1692729690312
1692729709451
1692729728653
1692729747855
1692729767085
1692729786281
1692729805493
1692729824721
1692729843930
1692729863131
1692729882365
1692729901589
1692729920783
1692729939996
1692729959216
1692729978434
1692729997578
1692730016800
1692730035992
1692730055225
1692730074416
1692730093638
1692730112841
1692730132016
1692730151219
1692730170452
1692730189660
1692730208881
1692730228094
1692730247308
1692730266537
1692730285739
1692730304940
1692730324150
1692730343343
1692730362560
1692730381748
1692730400950
1692730420153
1692730439381
1692730458594
1692730477808
1692730497031
1692730516233
1692730535394
1692730554642
1692730573868
1692730593082
1692730612295
1692730631501
1692730650713
1692730669945
1692730689109
1692730708319
1692730727544
1692730746774
1692730765997
1692730785187
1692730804393
1692730823558
1692730842787
1692730862002
1692730881218
1692730900412
1692730919598
1692730938835
1692730958030
1692730977240
1692730996426
1692731015622
1692731034823
