1692546269887
1692546273912
1692546277940
1692546281965
1692546285996
1692546290022
1692546294074
1692546298110
1692546302149
1692546306199
1692546310229
1692546314263
1692546318297
1692546322338
1692546326376
1692546330413
1692546334449
1692546338492
1692546342522
1692546346570
1692546350610
1692546354624
1692546358672
1692546362703
1692546366735
1692546370775
1692546374807
1692546378861
1692546382907
1692546386956
1692546391004
1692546395062
1692546399114
1692546403169
1692546407201
1692546411235
1692546415268
1692546419297
1692546423350
1692546427407
1692546431444
1692546435466
1692546439497
1692546443530
1692546447582
1692546451617
1692546455644
1692546459682
1692546463723
1692546467764
1692546471812
1692546475833
1692546479877
1692546483934
1692546487975
1692546492008
1692546496051
1692546500098
1692546504128
1692546508153
1692546512207
1692546516247
1692546520285
1692546524312
1692546528333
1692546532361
1692546536389
1692546540420
1692546544467
1692546548503
1692546552548
1692546556583
1692546560620
1692546564650
1692546568681
1692546572717
1692546576756
1692546580793
1692546584837
1692546588866
1692546592895
1692546596934
1692546600966
1692546605011
1692546609033
1692546613073
1692546617107
1692546621150
1692546625189
1692546629232
1692546633282
1692546637321
1692546641360
1692546645408
1692546649451
1692546653473
1692546657502
1692546661544
1692546665577
1692546669614
1692546673643
1692546677659
1692546681697
1692546685747
1692546689782
1692546693826
1692546697873
1692546701914
1692546705957
1692546709995
1692546714033
1692546718061
1692546722094
1692546726128
1692546730158
1692546734189
1692546738221
1692546742247
1692546746297
1692546750343
1692546754390
1692546758441
1692546762468
1692546766506
1692546770534
1692546774569
1692546778598
1692546782632
1692546786666
1692546790685
1692546794712
1692546798741
1692546802767
1692546806808
1692546810830
1692546814858
1692546818888
1692546822924
1692546826965
1692546831008
1692546835059
1692546839092
1692546843133
1692546847173
1692546851218
1692546855259
1692546859302
1692546863330
1692546867349
1692546871388
1692546875436
1692546879472
1692546883512
1692546887564
1692546891608
1692546895648
1692546899694
1692546903735
1692546907780
1692546911817
1692546915847
1692546919871
1692546923896
1692546927946
1692546931998
1692546936040
1692546940078
1692546944109
1692546948147
1692546952186
1692546956213
1692546960245
1692546964275
1692546968297
1692546972330
1692546976379
1692546980415
1692546984468
1692546988520
1692546992556
1692546996608
1692547000638
1692547004686
1692547008719
1692547012769
1692547016807
1692547020857
1692547024895
1692547028946
1692547032980
1692547037018
1692547041062
1692547045098
1692547049146
1692547053193
1692547057232
1692547061274
1692547065314
1692547069355
1692547073382
1692547077418
1692547081471
1692547085501
1692547089560
1692547093598
1692547097616
1692547101669
1692547105697
1692547109735
1692547113769
1692547117804
1692547121850
1692547125885
1692547129915
1692547133948
1692547137996
1692547142034
1692547146079
1692547150117
1692547154142
1692547158179
1692547162215
1692547166248
1692547170276
1692547174318
1692547178356
1692547182390
1692547186436
1692547190459
1692547194504
1692547198545
1692547202568
1692547206599
1692547210646
1692547214690
1692547218717
1692547222756
1692547226792
1692547230831
1692547234869
1692547238909
1692547242957
1692547246992
1692547251032
1692547255077
1692547259123
1692547263160
1692547267208
1692547271237
1692547275274
1692547279327
1692547283369
1692547287400
1692547291436
1692547295492
1692547299534
1692547303574
1692547307621
1692547311663
1692547315701
1692547319734
1692547323759
1692547327796
1692547331841
1692547335876
1692547339928
1692547343957
1692547348002
1692547352030
1692547356073
1692547360101
1692547364144
1692547368183
1692547372224
1692547376262
1692547380299
1692547384344
1692547388394
1692547392426
1692547396472
1692547400516
1692547404560
1692547408605
1692547412637
1692547416679
1692547420729
1692547424776
1692547428816
1692547432851
1692547436894
1692547440943
1692547444985
1692547449027
1692547453059
1692547457101
1692547461142
1692547465183
1692547469225
1692547473255
1692547477295
1692547481338
1692547485369
1692547489405
1692547493448
1692547497480
1692547501518
1692547505558
1692547509605
1692547513645
1692547517689
1692547521731
1692547525783
1692547529833
1692547533874
1692547537923
1692547541964
1692547546014
1692547550058
1692547554103
1692547558145
1692547562189
1692547566219
1692547570253
1692547574295
1692547578325
1692547582351
1692547586379
1692547590397
1692547594439
1692547598479
1692547602521
1692547606550
1692547610594
1692547614631
1692547618661
1692547622701
1692547626746
1692547630777
1692547634809
1692547638857
1692547642906
1692547646948
1692547650984
1692547655029
1692547659060
1692547663096
1692547667143
1692547671183
1692547675217
1692547679246
1692547683303
1692547687344
1692547691378
1692547695421
1692547699458
1692547703498
1692547707554
1692547711607
1692547715633
1692547719658
1692547723693
1692547727723
1692547731757
1692547735783
1692547739825
1692547743848
1692547747883
1692547751924
1692547755961
1692547760014
1692547764054
1692547768097
1692547772138
1692547776192
1692547780232
1692547784276
1692547788328
1692547792376
1692547796425
1692547800472
1692547804519
1692547808566
1692547812600
1692547816642
1692547820685
1692547824721
1692547828761
1692547832807
1692547836843
1692547840884
1692547844916
1692547848933
1692547852956
1692547856982
1692547861010
1692547865047
1692547869083
1692547873114
1692547877151
1692547881189
1692547885218
1692547889248
1692547893288
1692547897334
1692547901375
1692547905418
1692547909452
1692547913485
1692547917514
1692547921551
1692547925598
1692547929648
1692547933683
1692547937708
1692547941739
1692547945770
1692547949800
1692547953833
1692547957872
1692547961905
1692547965942
1692547969979
1692547974015
1692547978045
1692547982074
1692547986095
1692547990120
1692547994150
1692547998189
1692548002220
1692548006275
1692548010321
1692548014353
1692548018395
1692548022443
1692548026483
1692548030529
1692548034576
1692548038615
1692548042655
1692548046687
1692548050732
1692548054774
1692548058821
1692548062857
1692548066897
1692548070934
1692548074969
1692548079001
1692548083031
1692548087064
1692548091099
1692548095138
1692548099172
1692548103213
1692548107233
1692548111269
1692548115302
1692548119356
1692548123388
1692548127422
1692548131456
1692548135511
1692548139564
1692548143603
1692548147631
1692548151669
1692548155699
1692548159739
1692548163780
1692548167816
1692548171855
1692548175895
1692548179925
1692548183956
1692548187990
1692548192038
1692548196082
1692548200116
1692548204155
1692548208189
1692548212229
1692548216252
1692548220277
1692548224304
1692548228343
1692548232383
1692548236420
1692548240458
1692548244488
1692548248530
1692548252565
1692548256609
1692548260645
1692548264666
1692548268709
1692548272743
1692548276769
1692548280811
1692548284836
1692548288872
1692548292903
1692548296932
1692548300972
1692548305010
1692548309043
1692548313077
1692548317109
1692548321154
1692548325196
1692548329243
1692548333279
1692548337323
1692548341351
1692548345393
1692548349434
1692548353478
1692548357505
1692548361546
1692548365592
1692548369628
1692548373664
1692548377707
1692548381747
1692548385794
1692548389830
1692548393872
1692548397909
1692548401945
1692548405988
1692548410017
1692548414065
1692548418102
1692548422137
1692548426176
1692548430221
1692548434261
1692548438297
1692548442331
1692548446359
1692548450405
1692548454457
1692548458493
1692548462535
1692548466568
1692548470593
1692548474635
1692548478677
1692548482710
1692548486747
1692548490772
1692548494803
1692548498840
1692548502885
1692548506915
1692548510952
1692548514992
1692548519036
1692548523082
1692548527133
1692548531177
1692548535205
1692548539248
1692548543285
1692548547319
1692548551349
1692548555385
1692548559429
1692548563473
1692548567520
1692548571573
1692548575614
1692548579659
1692548583703
1692548587740
1692548591772
1692548595809
1692548599852
1692548603895
1692548607934
1692548611953
1692548615995
1692548620034
1692548624094
1692548628145
1692548632194
1692548636243
1692548640295
1692548644339
1692548648366
1692548652396
1692548656437
1692548660476
1692548664517
1692548668554
1692548672591
1692548676635
1692548680674
1692548684715
1692548688759
1692548692797
1692548696840
1692548700871
1692548704909
1692548708954
1692548712991
1692548717043
1692548721092
1692548725116
1692548729160
1692548733204
1692548737251
1692548741295
1692548745343
1692548749373
1692548753410
1692548757450
1692548761485
1692548765520
1692548769562
1692548773604
1692548777647
1692548781675
1692548785714
1692548789748
1692548793797
1692548797840
1692548801875
1692548805919
1692548809955
1692548813993
1692548818043
1692548822086
1692548826112
1692548830145
1692548834183
1692548838212
1692548842248
1692548846284
1692548850329
1692548854369
1692548858416
1692548862462
1692548866498
1692548870538
1692548874570
1692548878608
1692548882641
1692548886684
1692548890721
1692548894755
1692548898797
1692548902848
1692548906883
1692548910927
1692548914983
1692548919002
1692548923047
1692548927080
1692548931124
1692548935166
1692548939206
1692548943247
1692548947295
1692548951331
1692548955366
1692548959420
1692548963456
1692548967485
1692548971516
1692548975555
1692548979599
1692548983639
1692548987670
1692548991714
1692548995742
1692548999786
1692549003823
1692549007854
1692549011883
1692549015912
1692549019952
1692549023990
1692549028029
1692549032063
1692549036098
1692549040137
1692549044174
1692549048197
1692549052240
1692549056288
1692549060327
1692549064358
1692549068395
1692549072414
1692549076464
1692549080512
1692549084560
1692549088606
1692549092660
1692549096707
1692549100744
1692549104781
1692549108834
1692549112863
1692549116909
1692549120951
1692549124993
1692549129021
1692549133064
1692549137115
1692549141167
1692549145217
1692549149271
1692549153305
1692549157359
1692549161406
1692549165445
1692549169494
1692549173546
1692549177574
1692549181608
1692549185646
1692549189684
1692549193734
1692549197771
1692549201812
1692549205844
1692549209888
1692549213922
1692549217958
1692549222006
1692549226054
1692549230092
1692549234146
1692549238165
1692549242207
1692549246238
1692549250285
1692549254317
1692549258360
1692549262400
1692549266419
1692549270463
1692549274510
1692549278546
1692549282576
1692549286624
1692549290669
1692549294705
1692549298743
1692549302779
1692549306809
1692549310830
1692549314859
1692549318885
1692549322922
1692549326960
1692549330987
1692549335027
1692549339071
1692549343096
1692549347121
1692549351146
1692549355178
1692549359213
1692549363243
1692549367284
1692549371302
1692549375330
1692549379368
1692549383406
1692549387424
1692549391466
1692549395501
1692549399547
1692549403581
1692549407633
1692549411669
1692549415691
1692549419746
1692549423787
1692549427833
1692549431874
1692549435915
1692549439947
1692549443976
1692549448013
1692549452060
1692549456112
1692549460146
1692549464195
1692549468242
1692549472281
1692549476339
1692549480359
1692549484394
1692549488426
1692549492451
1692549496470
1692549500505
1692549504543
1692549508580
1692549512622
1692549516668
1692549520716
1692549524771
1692549528810
1692549532842
1692549536884
1692549540937
1692549544974
1692549549022
1692549553062
1692549557105
1692549561135
1692549565182
1692549569211
1692549573236
1692549577272
1692549581309
1692549585346
1692549589375
1692549593407
1692549597442
1692549601487
1692549605525
1692549609556
1692549613595
1692549617643
1692549621667
1692549625695
1692549629732
1692549633767
1692549637799
1692549641843
1692549645887
1692549649916
1692549653952
1692549657992
1692549662030
1692549666062
1692549670108
1692549674152
1692549678195
1692549682245
1692549686288
1692549690326
1692549694360
1692549698400
1692549702425
1692549706464
1692549710495
1692549714532
1692549718564
1692549722595
1692549726635
1692549730674
1692549734701
1692549738726
1692549742777
1692549746813
1692549750856
1692549754905
1692549758954
1692549762996
1692549767024
1692549771072
1692549775111
1692549779150
1692549783174
1692549787205
1692549791237
1692549795265
1692549799300
1692549803340
1692549807387
1692549811426
1692549815472
1692549819519
1692549823554
1692549827570
1692549831614
1692549835661
1692549839711
1692549843748
1692549847786
1692549851818
1692549855860
1692549859887
1692549863922
1692549867956
1692549872004
1692549876040
1692549880075
1692549884108
1692549888142
1692549892170
1692549896198
1692549900239
1692549904270
1692549908305
1692549912334
1692549916379
1692549920443
1692549924479
1692549928513
1692549932540
1692549936588
1692549940629
1692549944666
1692549948712
1692549952754
1692549956794
1692549960837
1692549964873
1692549968914
1692549972949
1692549976984
1692549981028
1692549985069
1692549989111
1692549993146
1692549997182
1692550001216
1692550005246
1692550009286
1692550013325
1692550017368
1692550021406
1692550025442
1692550029478
1692550033515
1692550037557
1692550041602
1692550045643
1692550049678
1692550053730
1692550057784
1692550061812
1692550065866
1692550069920
1692550073966