1692604549963
1692604569122
1692604588246
1692604607377
1692604626508
1692604645638
1692604664772
1692604683862
1692604703006
1692604722120
1692604741262
1692604760457
1692604779666
1692604798854
1692604818025
1692604837186
1692604856309
1692604875435
1692604894575
1692604913694
1692604932865
1692604952034
1692604971194
1692604990381
1692605009598
1692605028787
1692605047957
1692605067122
1692605086294
1692605105486
1692605124663
1692605143857
1692605163045
1692605182239
1692605201434
1692605220639
1692605239838
1692605259027
1692605278231
1692605297384
1692605316525
1692605335702
1692605354921
1692605374145
1692605393297
1692605412400
1692605431518
1692605450663
1692605469834
1692605489027
1692605508239
1692605527378
1692605546493
1692605565622
1692605584766
1692605603913
1692605623123
1692605642342
1692605661471
1692605680594
1692605699750
1692605718909
1692605738095
1692605757297
1692605776499
1692605795713
1692605814932
1692605834141
1692605853310
1692605872517
1692605891748
1692605910982
1692605930169
1692605949375
1692605968593
1692605987780
1692606006987
1692606026204
1692606045403
1692606064591
1692606083751
1692606102928
1692606122132
1692606141334
1692606160544
1692606179772
1692606198975
1692606218180
1692606237416
1692606256610
1692606275814
1692606295022
1692606314193
1692606333318
1692606352450
1692606371574
1692606390696
1692606409818
1692606429000
1692606448189
1692606467382
1692606486594
1692606505791
1692606524994
1692606544200
1692606563411
1692606582597
1692606601815
1692606620997
1692606640191
1692606659433
1692606678640
1692606697830
1692606717012
1692606736207
1692606755381
1692606774582
1692606793766
1692606812956
1692606832186
1692606851372
1692606870593
1692606889808
1692606909016
1692606928217
1692606947391
1692606966597
1692606985785
1692607004974
1692607024123
1692607043243
1692607062386
1692607081529
1692607100646
1692607119756
1692607138855
1692607157982
1692607177113
1692607196246
1692607215358
1692607234484
1692607253607
1692607272733
1692607291920
1692607311114
1692607330316
1692607349473
1692607368671
1692607387872
1692607407057
1692607426253
1692607445451
1692607464651
1692607483847
1692607503045
1692607522247
1692607541426
1692607560609
1692607579824
1692607599035
1692607618221
1692607637434
1692607656634
1692607675827
1692607695031
1692607714217
1692607733405
1692607752596
1692607771798
1692607790995
1692607810193
1692607829376
1692607848578
1692607867778
1692607886946
1692607906162
1692607925383
1692607944551
1692607963709
1692607982834
1692608001957
1692608021126
1692608040312
1692608059491
1692608078648
1692608097772
1692608116912
1692608136069
1692608155217
1692608174348
1692608193482
1692608212636
1692608231823
1692608251021
1692608270164
1692608289282
1692608308413
1692608327529
1692608346654
1692608365781
1692608384928
1692608404061
1692608423232
1692608442408
1692608461638
1692608480844
1692608500032
1692608519220
1692608538436
1692608557638
1692608576831
1692608596021
1692608615210
1692608634407
1692608653605
1692608672825
1692608692007
1692608711202
1692608730375
1692608749562
1692608768779
1692608787983
1692608807199
1692608826410
1692608845595
1692608864792
1692608883993
1692608903199
1692608922391
1692608941608
1692608960829
1692608980018
1692608999222
1692609018369
1692609037507
1692609056685
1692609075921
1692609095097
1692609114292
1692609133482
1692609152670
1692609171875
1692609191057
1692609210238
1692609229419
1692609248586
1692609267799
1692609286999
1692609306217
1692609325407
1692609344610
1692609363808
1692609383026
1692609402211
1692609421397
1692609440622
1692609459830
1692609479015
1692609498216
1692609517454
1692609536644
1692609555859
1692609575060
1692609594239
1692609613483
1692609632683
1692609651888
1692609671054
1692609690201
1692609709362
1692609728528
1692609747725
1692609766927
1692609786110
1692609805316
1692609824483
1692609843660
1692609862869
1692609882063
1692609901267
1692609920454
1692609939629
1692609958848
1692609978060
1692609997262
1692610016435
1692610035642
1692610054841
1692610074043
1692610093240
1692610112430
1692610131639
1692610150833
1692610170034
1692610189232
1692610208433
1692610227630
1692610246837
1692610266050
1692610285255
1692610304453
1692610323663
1692610342882
1692610362082
1692610381259
1692610400451
1692610419657
1692610438855
1692610458049
1692610477239
1692610496397
1692610515521
1692610534652
1692610553785
1692610572919
1692610592046
1692610611151
1692610630285
1692610649396
1692610668528
1692610687678
1692610706855
1692610726055
1692610745257
1692610764400
1692610783512
1692610802629
1692610821735
1692610840857
1692610859977
1692610879129
1692610898262
1692610917406
1692610936591
1692610955755
1692610974950
1692610994159
1692611013346
1692611032525
1692611051707
1692611070952
1692611090157
1692611109356
1692611128535
1692611147726
1692611166915
1692611186126
1692611205316
1692611224515
1692611243692
1692611262878
1692611282069
1692611301267
1692611320465
1692611339653
1692611358871
1692611378050
1692611397254
1692611416459
1692611435642
1692611454842
1692611474023
1692611493142
1692611512283
1692611531400
1692611550576
1692611569791
1692611589016
1692611608202
1692611627390
1692611646561
1692611665688
1692611684819
1692611703993
1692611723210
1692611742391
1692611761565
1692611780785
1692611799968
1692611819097
1692611838231
1692611857339
1692611876525
1692611895713
1692611914905
1692611934083
1692611953212
1692611972338
1692611991478
1692612010643
1692612029825
1692612049044
1692612068258
1692612087442
1692612106628
1692612125758
1692612144936
1692612164090
1692612183232
1692612202385
1692612221526
1692612240675
1692612259833
1692612279028
1692612298234
1692612317436
1692612336590
1692612355721
1692612374878
1692612393990
1692612413133
1692612432283
1692612451409
1692612470594
1692612489805
1692612509022
1692612528165
1692612547305
1692612566455
1692612585612
1692612604751
1692612623902
1692612643043
1692612662190
1692612681341
1692612700480
1692612719645
1692612738791
1692612757951
1692612777078
1692612796222
1692612815361
1692612834503
1692612853648
1692612872780
1692612891904
1692612911045
1692612930226
1692612949407
1692612968595
1692612987785
1692613006969
1692613026166
1692613045381
1692613064586
1692613083796
1692613103005
1692613122199
1692613141383
1692613160583
1692613179758
1692613198947
1692613218129
1692613237346
1692613256529
1692613275724
1692613294906
1692613314122
1692613333309
1692613352513
1692613371707
1692613390905
1692613410103
1692613429293
1692613448498
1692613467705
1692613486883
1692613506082
1692613525217
1692613544366
1692613563506
1692613582692
1692613601887
1692613621075
1692613640210
1692613659356
1692613678500
1692613697627
1692613716761
1692613735914
1692613755047
1692613774190
1692613793321
1692613812470
1692613831626
1692613850771
1692613869892
1692613889050
1692613908176
1692613927305
1692613946442
1692613965587
1692613984718
1692614003867
1692614023041
1692614042194
1692614061331
1692614080462
1692614099592
1692614118716
1692614137860
1692614156996
1692614176164
1692614195276
1692614214431
1692614233591
1692614252745
1692614271924
1692614291072
1692614310207
1692614329362
1692614348514
1692614367629
1692614386755
1692614405906
1692614425053
1692614444197
1692614463335
1692614482545
1692614501745
1692614520944
1692614540125
1692614559305
1692614578521
1692614597724
1692614616923
1692614636129
1692614655324
1692614674524
1692614693709
1692614712886
1692614732086
1692614751247
1692614770422
1692614789628
1692614808812
1692614828001
1692614847197
1692614866406
1692614885575
1692614904718
1692614923923
1692614943093
1692614962287
1692614981476
1692615000663
1692615019864
1692615039066
1692615058276
1692615077470
1692615096618
1692615115768
1692615134931
1692615154116
1692615173297
1692615192480
1692615211618
1692615230766
1692615249874
1692615269025
1692615288158
1692615307307
1692615326478
1692615345643
1692615364763
1692615383937
1692615403075
1692615422227
1692615441367
1692615460562
1692615479704
1692615498848
1692615517997
1692615537193
1692615556382
1692615575582
1692615594753
1692615613893
1692615633094
1692615652319
1692615671516
1692615690757
1692615709984
1692615729163
1692615748371
1692615767576
1692615786764
1692615805956
1692615825159
1692615844372
1692615863560
1692615882765
1692615901960
1692615921162
1692615940356
1692615959548
1692615978762
1692615997942
1692616017131
1692616036346
1692616055527
1692616074709
1692616093881
1692616113067
1692616132278
1692616151460
1692616170651
1692616189842
1692616209012
1692616228163
1692616247315
1692616266493
1692616285678
1692616304861
1692616323995
1692616343139
1692616362271
1692616381416
1692616400543
1692616419688
1692616438835
1692616457948
1692616477089
1692616496259
1692616515421
1692616534607
1692616553804
1692616572993
1692616592200
1692616611405
1692616630610
1692616649826
1692616669032
1692616688214
1692616707418
1692616726614
1692616745828
1692616765005
1692616784193
1692616803384
1692616822571
1692616841766
1692616860947
1692616880133
1692616899321
1692616918524
1692616937732
1692616956946
1692616976131
1692616995330
1692617014548
1692617033744
1692617052949
1692617072154
1692617091357
1692617110524
1692617129692
1692617148828
1692617167966
1692617187169
1692617206366
1692617225567
1692617244771
1692617263973
1692617283162
1692617302308
1692617321473
1692617340664
1692617359834
1692617378974
1692617398102
1692617417278
1692617436429
1692617455559
1692617474697
1692617493827
1692617512992
1692617532175
1692617551337
1692617570488
1692617589629
1692617608757
1692617627889
1692617647042
1692617666176
1692617685325
1692617704464
1692617723622
1692617742776
1692617761913
1692617781079
1692617800218
1692617819429
1692617838638
1692617857837
1692617877013
1692617896156
1692617915323
1692617934521
1692617953688
1692617972860
1692617992033
1692618011208
1692618030332
1692618049512
1692618068700
1692618087842
1692618107029
1692618126208
1692618145411
1692618164625
1692618183842
1692618203047
1692618222237
1692618241442
1692618260636
1692618279813
1692618298986
1692618318179
1692618337385
1692618356563
1692618375794
1692618395009
1692618414190
1692618433376
1692618452595
1692618471792
1692618490983
1692618510183
1692618529381
1692618548597
1692618567781
1692618586997
1692618606163
1692618625340
1692618644522
1692618663703
1692618682894
1692618702096
1692618721283
1692618740393
1692618759536
1692618778654
1692652274852
1692652289161
1692652303470
1692652317771
1692652332066
1692652346372
1692652360698
1692652375051
1692652389390
1692652403744
1692652418123
1692652432460
1692652446810
1692652461178
1692652475530
1692652489854
1692652504148
1692652518468
1692652532879
1692652547182
1692652561489
1692652575798
1692652590105
1692652604440
1692652618757
1692652633072
1692652647376
1692652661688
1692652676050
1692652690364
1692652704677
1692652718986
1692652733317
1692652747637
1692652761952
1692652776274
1692652790581
1692652804916
1692652819253
1692652833599
1692652847936
1692652862277
1692652876624
1692652890979
1692652905341
1692652919672
1692652934019
1692652948383
1692652962742
1692652977100
1692652991444
1692653005743
1692653020042
1692653034363
1692653048688
1692653063025
1692653077391
1692653091736
1692653106084
1692653120446
1692653134743
1692653149062
1692653163390
1692653177725
1692653192071
1692653206476
1692653220897
1692653235313
1692653249731
1692653264139
1692653278540
1692653292947
1692653307347
1692653321726
1692653336124
1692653350518
1692653364918
1692653379343
1692653393755
1692653408146
1692653422567
1692653436985
1692653451380
1692653465753
1692653480108
1692653494473
1692653508845
1692653523205
1692653537575
1692653551946
1692653566297
1692653580652
1692653595001
1692653609378
1692653623723
1692653638101
1692653652459
1692653666827
1692653681190
1692653695549
1692653709908
1692653724267
1692653738638
1692653752999
1692653767376
1692653781742
1692653796055
1692653810381
1692653824726
1692653839052
1692653853376
1692653867682
1692653881983
1692653896307
1692653910628
1692653924941
1692653939231
1692653953533
1692653967851
1692653982164
1692653996470
1692654010781
1692654025116
1692654039468
1692654053812
1692654068146
1692654082514
1692654096890
1692654111248
1692654125591
1692654139958
1692654154326
1692654168684
1692654183045
1692654197405
1692654211760
1692654226133
1692654240507
1692654254865
1692654269245
1692654283601
1692654297958
1692654312315
1692654326701
1692654341067
1692654355443
1692654369800
1692654384171
1692654398544
1692654412905
1692654427277
1692654441638
1692654456018
1692654470388
1692654484757
1692654499140
1692654513533
1692654527901
1692654542282
1692654556669
1692654571017
1692654585378
1692654599748
1692654614117
1692654628492
1692654642871
1692654657244
1692654671600
1692654685931
1692654700235
1692654714553
1692654728872
1692654743184
1692654757482
1692654771794
1692654786114
1692654800451
1692654814808
1692654829182
1692654843560
1692654857919
1692654872263
1692654886630
1692654901016
1692654915390
1692654929748
1692654944116
1692654958502
1692654972922
1692654987334
1692655001759
1692655016207
1692655030583
1692655044948
1692655059302
1692655073675
1692655088041
1692655102412
1692655116771
1692655131151
1692655145505
1692655159864
1692655174230
1692655188621
1692655203027
1692655217419
1692655231781
1692655246141
1692655260492
1692655274864
1692655289227
1692655303593
1692655317983
1692655332392
1692655346787
1692655361140
1692655375496
1692655389865
1692655404202
1692655418522
1692655432840
1692655447144
1692655461452
1692655475764
1692655490119
1692655504432
1692655518741
1692655533075
1692655547405
1692655561756
1692655576096
1692655590453
1692655604792
1692655619123
1692655633425
1692655647748
1692655662052
1692655676370
1692655690720
1692655705035
1692655719357
1692655733697
1692655748008
1692655762330
1692655776646
1692655791006
1692655805336
1692655819647
1692655833953
1692655848291
1692655862613
1692655876959
1692655891273
1692655905582
1692655919884
1692655934202
1692655948588
1692655962986
1692655977422
1692655991803
1692656006188
1692656020548
1692656034923
1692656049279
1692656063640
1692656078006
1692656092374
1692656106731
1692656121083
1692656135438
1692656149801
1692656164170
1692656178534
1692656192906
1692656207264
1692656221629
1692656236002
1692656250360
1692656264737
1692656279117
1692656293483
1692656307837
1692656322216
1692656336584
1692656350961
1692656365329
1692656379707
1692656394078
1692656408453
1692656422810
1692656437184
1692656451560
1692656465946
1692656480346
1692656494751
1692656509160
1692656523567
1692656537923
1692656552291
1692656566668
1692656581043
1692656595384
1692656609693
1692656624029
1692656638352
1692656652698
1692656667031
1692656681347
1692656695657
1692656709986
1692656724310
1692656738631
1692656752954
1692656767279
1692656781600
1692656795940
1692656810300
1692656824662
1692656839030
1692656853360
1692656867704
1692656882047
1692656896410
1692656910776
1692656925127
1692656939504
1692656953880
1692656968264
1692656982631
1692656996992
1692657011364
1692657025797
1692657040153
1692657054543
1692657068922
1692657083275
1692657097637
1692657112017
1692657126399
1692657140808
1692657155226
1692657169646
1692657184013
1692657198392
1692657212799
1692657227201
1692657241584
1692657255943
1692657270308
1692657284663
1692657299046
1692657313393
1692657327763
1692657342120
1692657356497
1692657370853
1692657385224
1692657399592
1692657413947
1692657428289
1692657442643
1692657457002
1692657471312
1692657485623
1692657499948
1692657514269
1692657528611
1692657542962
1692657557330
1692657571695
1692657586066
1692657600425
1692657614785
1692657629150
1692657643534
1692657657888
1692657672269
1692657686636
1692657701006
1692657715366
1692657729729
1692657744095
1692657758454
1692657772845
1692657787249
1692657801639
1692657816046
1692657830435
1692657844804
1692657859158
1692657873523
1692657887894
1692657902253
1692657916658
1692657931029
1692657945421
1692657959824
1692657974193
1692657988586
1692658002939
1692658017334
1692658031709
1692658046075
1692658060454
1692658074813
1692658089183
1692658103533
1692658117885
1692658132233
1692658146604
1692658160937
1692658175262
1692658189574
1692658203903
1692658218203
1692658232523
1692658246876
1692658261230
1692658275548
1692658289870
1692658304171
1692658318469
1692658332794
1692658347115
1692658361463
1692658375774
1692658390095
1692658404417
1692658418725
1692658433082
1692658447420
1692658461758
1692658476092
1692658490408
1692658504742
1692658519077
1692658533397
1692658547741
1692658562106
1692658576449
1692658590796
1692658605154
1692658619510
1692658633876
1692658648235
1692658662594
1692658676982
1692658691345
1692658705703
1692658720055
1692658734434
1692658748825
1692658763180
1692658777546
1692658791907
1692658806264
1692658820628
1692658834962
1692658849322
1692658863687
1692658878045
1692658892422
1692658906793
1692658921179
1692658935551
1692658949905
1692658964278
1692658978637
1692658993001
1692659007388
1692659021770
1692659036141
1692659050506
1692659064864
1692659079236
1692659093628
1692659108042
1692659122452
1692659136841
1692659151159
1692659165473
1692659179783
1692659194109
1692659208467
1692659222797
1692659237163
1692659251527
1692659265862
1692659280191
1692659294514
1692659308867
1692659323203
1692659337571
1692659351905
1692659366264
1692659380621
1692659394987
1692659409359
1692659423723
1692659438074
