1692557761104
1692557763147
1692557765171
1692557767212
1692557769244
1692557771272
1692557773320
1692557775369
1692557777426
1692557779461
1692557781489
1692557783524
1692557785566
1692557787602
1692557789653
1692557791692
1692557793728
1692557795765
1692557797775
1692557799821
1692557801858
1692557803904
1692557805954
1692557808001
1692557810039
1692557812089
1692557814146
1692557816184
1692557818225
1692557820263
1692557822310
1692557824348
1692557826384
1692557828413
1692557830451
1692557832501
1692557834525
1692557836571
1692557838617
1692557840650
1692557842702
1692557844734
1692557846774
1692557848824
1692557850867
1692557852906
1692557854943
1692557856980
1692557859010
1692557861047
1692557863085
1692557865124
1692557867149
1692557869185
1692557871223
1692557873263
1692557875284
1692557877337
1692557879374
1692557881400
1692557883449
1692557885468
1692557887509
1692557889562
1692557891600
1692557893634
1692557895684
1692557897743
1692557899769
1692557901820
1692557903858
1692557905911
1692557907940
1692557909987
1692557912031
1692557914061
1692557916104
1692557918134
1692557920167
1692557922199
1692557924245
1692557926296
1692557928337
1692557930385
1692557932418
1692557934466
1692557936512
1692557938562
1692557940596
1692557942631
1692557944678
1692557946723
1692557948769
1692557950817
1692557952839
1692557954886
1692557956917
1692557958950
1692557960994
1692557963047
1692557965092
1692557967147
1692557969197
1692557971247
1692557973284
1692557975325
1692557977360
1692557979406
1692557981434
1692557983489
1692557985526
1692557987573
1692557989606
1692557991658
1692557993687
1692557995716
1692557997756
1692557999798
1692558001832
1692558003858
1692558005909
1692558007963
1692558010017
1692558012058
1692558014080
1692558016111
1692558018153
1692558020195
1692558022250
1692558024286
1692558026308
1692558028345
1692558030387
1692558032441
1692558034466
1692558036510
1692558038565
1692558040606
1692558042624
1692558044651
1692558046695
1692558048735
1692558050779
1692558052825
1692558054873
1692558056913
1692558058941
1692558060999
1692558063038
1692558065079
1692558067137
1692558069182
1692558071225
1692558073266
1692558075309
1692558077327
1692558079353
1692558081379
1692558083420
1692558085451
1692558087500
1692558089531
1692558091568
1692558093605
1692558095649
1692558097690
1692558099731
1692558101778
1692558103810
1692558105854
1692558107884
1692558109925
1692558111967
1692558114021
1692558116054
1692558118097
1692558120154
1692558122198
1692558124235
1692558126276
1692558128306
1692558130337
1692558132390
1692558134421
1692558136455
1692558138496
1692558140522
1692558142561
1692558144607
1692558146653
1692558148696
1692558150716
1692558152736
1692558154767
1692558156825
1692558158873
1692558160920
1692558162951
1692558164983
1692558166998
1692558169039
1692558171091
1692558173147
1692558175201
1692558177245
1692558179302
1692558181355
1692558183408
1692558185449
1692558187500
1692558189546
1692558191592
1692558193639
1692558195688
1692558197743
1692558199791
1692558201844
1692558203891
1692558205939
1692558207993
1692558210043
1692558212095
1692558214151
1692558216186
1692558218239
1692558220286
1692558222340
1692558224382
1692558226435
1692558228494
1692558230544
1692558232591
1692558234646
1692558236701
1692558238750
1692558240800
1692558242857
1692558244907
1692558246961
1692558249013
1692558251070
1692558253122
1692558255172
1692558257226
1692558259276
1692558261317
1692558263370
1692558265421
1692558267464
1692558269512
1692558271561
1692558273615
1692558275654
1692558277705
1692558279761
1692558281801
1692558283856
1692558285907
1692558287962
1692558290007
1692558292056
1692558294099
1692558296153
1692558298208
1692558300251
1692558302287
1692558304340
1692558306381
1692558308417
1692558310458
1692558312495
1692558314539
1692558316590
1692558318639
1692558320695
1692558322746
1692558324781
1692558326833
1692558328879
1692558330911
1692558332952
1692558334999
1692558337058
1692558339103
1692558341146
1692558343200
1692558345243
1692558347266
1692558349318
1692558351356
1692558353404
1692558355452
1692558357497
1692558359544
1692558361597
1692558363656
1692558365686
1692558367727
1692558369764
1692558371820
1692558373871
1692558375932
1692558377982
1692558380033
1692558382087
1692558384141
1692558386198
1692558388248
1692558390292
1692558392343
1692558394393
1692558396445
1692558398499
1692558400555
1692558402607
1692558404661
1692558406715
1692558408766
1692558410821
1692558412872
1692558414928
1692558416981
1692558419029
1692558421084
1692558423137
1692558425184
1692558427214
1692558429258
1692558431295
1692558433339
1692558435373
1692558437410
1692558439460
1692558441500
1692558443541
1692558445586
1692558447631
1692558449672
1692558451725
1692558453768
1692558455811
1692558457869
1692558459902
1692558461931
1692558463977
1692558466029
1692558468062
1692558470096
1692558472136
1692558474186
1692558476236
1692558478272
1692558480317
1692558482362
1692558484411
1692558486461
1692558488510
1692558490562
1692558492602
1692558494650
1692558496700
1692558498736
1692558500779
1692558502808
1692558504824
1692558506876
1692558508922
1692558510959
1692558512990
1692558515043
1692558517091
1692558519127
1692558521174
1692558523205
1692558525238
1692558527280
1692558529312
1692558531346
1692558533384
1692558535417
1692558537452
1692558539488
1692558541532
1692558543564
1692558545612
1692558547640
1692558549687
1692558551718
1692558553760
1692558555807
1692558557838
1692558559873
1692558561927
1692558563974
1692558566009
1692558568050
1692558570084
1692558572129
1692558574155
1692558576189
1692558578217
1692558580245
1692558582276
1692558584310
1692558586362
1692558588395
1692558590431
1692558592475
1692558594521
1692558596568
1692558598613
1692558600646
1692558602692
1692558604721
1692558606756
1692558608800
1692558610831
1692558612863
1692558614910
1692558616942
1692558618985
1692558621030
1692558623068
1692558625099
1692558627132
1692558629164
1692558631209
1692558633247
1692558635274
1692558637309
1692558639342
1692558641372
1692558643425
1692558645451
1692558647482
1692558649510
1692558651532
1692558653580
1692558655616
1692558657664
1692558659695
1692558661744
1692558663796
1692558665834
1692558667860
1692558669908
1692558671963
1692558673997
1692558676029
1692558678049
1692558680103
1692558682136
1692558684164
1692558686202
1692558688239
1692558690288
1692558692335
1692558694372
1692558696412
1692558698451
1692558700498
1692558702521
1692558704562
1692558706611
1692558708653
1692558710698
1692558712735
1692558714780
1692558716835
1692558718885
1692558720919
1692558722954
1692558724992
1692558727033
1692558729078
1692558731122
1692558733171
1692558735218
1692558737271
1692558739324
1692558741363
1692558743406
1692558745457
1692558747500
1692558749535
1692558751569
1692558753595
1692558755647
1692558757695
1692558759743
1692558761779
1692558763827
1692558765873
1692558767909
1692558769957
1692558772000
1692558774052
1692558776102
1692558778150
1692558780168
1692558782197
1692558784233
1692558786259
1692558788311
1692558790344
1692558792392
1692558794433
1692558796470
1692558798511
1692558800554
1692558802594
1692558804634
1692558806671
1692558808720
1692558810765
1692558812804
1692558814824
1692558816859
1692558818909
1692558820948
1692558822980
1692558825002
1692558827036
1692558829070
1692558831097
1692558833131
1692558835165
1692558837208
1692558839240
1692558841276
1692558843318
1692558845345
1692558847400
1692558849434
1692558851459
1692558853507
1692558855535
1692558857584
1692558859630
1692558861677
1692558863722
1692558865759
1692558867808
1692558869850
1692558871900
1692558873949
1692558875972
1692558878015
1692558880048
1692558882092
1692558884130
1692558886177
1692558888206
1692558890258
1692558892293
1692558894317
1692558896369
1692558898406
1692558900430
1692558902470
1692558904524
1692558906559
1692558908604
1692558910661
1692558912713
1692558914749
1692558916802
1692558918852
1692558920907
1692558922963
1692558925012
1692558927067
1692558929121
1692558931174
1692558933230
1692558935265
1692558937318
1692558939370
1692558941424
1692558943474
1692558945522
1692558947578
1692558949631
1692558951685
1692558953741
1692558955793
1692558957850
1692558959903
1692558961955
1692558964010
1692558966060
1692558968116
1692558970154
1692558972203
1692558974253
1692558976308
1692558978350
1692558980396
1692558982448
1692558984498
1692558986549
1692558988600
1692558990650
1692558992696
1692558994747
1692558996804
1692558998857
1692559000907
1692559002964
1692559005006
1692559007055
1692559009108
1692559011148
1692559013187
1692559015223
1692559017262
1692559019313
1692559021355
1692559023406
1692559025457
1692559027503
1692559029554
1692559031601
1692559033651
1692559035695
1692559037745
1692559039791
1692559041838
1692559043884
1692559045927
1692559047980
1692559050031
1692559052087
1692559054137
1692559056192
1692559058245
1692559060296
1692559062351
1692559064404
1692559066444
1692559068499
1692559070545
1692559072604
1692559074655
1692559076709
1692559078760
1692559080792
1692559082841
1692559084871
1692559086904
1692559088952
1692559091007
1692559093061
1692559095109
1692559097162
1692559099216
1692559101268
1692559103310
1692559105363
1692559107419
1692559109462
1692559111511
1692559113571
1692559115625
1692559117680
1692559119730
1692559121787
1692559123843
1692559125880
1692559127936
1692559129981
1692559132031
1692559134073
1692559136124
1692559138179
1692559140231
1692559142268
1692559144322
1692559146379
1692559148434
1692559150453
1692559152501
1692559154544
1692559156601
1692559158648
1692559160703
1692559162746
1692559164777
1692559166823
1692559168856
1692559170899
1692559172903
1692559174955
1692559176999
1692559179047
1692559181092
1692559183122
1692559185155
1692559187216
1692559189269
1692559191310
1692559193354
1692559195403
1692559197434
1692559199466
1692559201498
1692559203540
1692559205571
1692559207610
1692559209656
1692559211700
1692559213729
1692559215789
1692559217827
1692559219885
1692559221929
1692559223981
1692559226028
1692559228087
1692559230135
1692559232186
1692559234242
1692559236295
1692559238347
1692559240402
1692559242451
1692559244507
1692559246553
1692559248605
1692559250661
1692559252714
1692559254772
1692559256824
1692559258862
1692559260884
1692559262937
1692559264979
1692559267036
1692559269081
1692559271132
1692559273180
1692559275235
1692559277278
1692559279328
1692559281381
1692559283426
1692559285481
1692559287535
1692559289582
1692559291632
1692559293678
1692559295727
1692559297779
1692559299835
1692559301881
1692559303922
1692559305978
1692559308014
1692559310067
1692559312116
1692559314164
1692559316212
1692559318265
1692559320316
1692559322371
1692559324413
1692559326459
1692559328508
1692559330554
1692559332606
1692559334646
1692559336688
1692559338740
1692559340789
1692559342840
1692559344885
1692559346924
1692559348978
1692559351014
1692559353069
1692559355122
1692559357171
1692559359220
1692559361275
1692559363322
1692559365368
1692559367415
1692559369458
1692559371511
1692559373564
1692559375604
1692559377638
1692559379689
1692559381743
1692559383793
1692559385833
1692559387876
1692559389921
1692559391944
1692559393967
1692559395995
1692559398025
1692559400057
1692559402095
1692559404145
1692559406170
1692559408220
1692559410277
1692559412321
1692559414369
1692559416411
1692559418450
1692559420502
1692559422556
1692559424609
1692559426651
1692559428705
1692559430760
1692559432807
1692559434859
1692559436913
1692559438962
1692559441015
1692559443069
1692559445130
1692559447184
1692559449234
1692559451289
1692559453341
1692559455390
1692559457433
1692559459490
1692559461542
1692559463594
1692559465651
1692559467692
1692559469748
1692559471790
1692559473832
1692559475876
1692559477909
1692559479953
1692559481984
1692559484024
1692559486072
1692559488121
1692559490171
1692559492218
1692559494277
1692559496327
1692559498380
1692559500433
1692559502481
1692559504528
1692559506571
1692559508605
1692559510649
1692559512698
1692559514737
1692559516776
1692559518815
1692559520852
1692559522882
1692559524917
1692559526960
1692559528986
1692559531023
1692559533058
1692559535090
1692559537129
1692559539163
1692559541188
1692559543232
1692559545268
1692559547309
1692559549348
1692559551397
1692559553430
1692559555468
1692559557512
1692559559570
1692559561603
1692559563645
1692559565674
1692559567704
1692559569730
1692559571745
1692559573777
1692559575823
1692559577867
1692559579920
1692559581946
1692559583974
1692559586016
1692559588058
1692559590100
1692559592152
1692559594186
1692559596210
1692559598266
1692559600294
1692559602314
1692559604341
1692559606385
1692559608421
1692559610449
1692559612484
1692559614499
1692559616541
1692559618587
1692559620634
1692559622661
1692559624705
1692559626745
1692559628776
1692559630801
1692559632830
1692559634884
1692559636925
1692559638946
1692559641000
1692559643030
1692559645072
1692559647093
1692559649150
1692559651185
1692559653227
1692559655266
1692559657305
1692559659322
1692559661364
1692559663407
1692559665444
1692559667489
1692559669542
1692559671591
1692559673625
1692559675666
1692559677697
1692559679734
1692559681779
1692559683823
1692559685874
1692559687901
1692559689954
1692559691992
1692559694027
1692559696078
1692559698119
1692559700169
1692559702200
1692559704205
1692559706243
1692559708287
1692559710311
1692559712337
1692559714383
1692559716412
1692559718453
1692559720495
1692559722531
1692559724573
1692559726620
1692559728675
1692559730732
1692559732771
1692559734821
1692559736872
1692559738907
1692559740960
1692559743008
1692559745035
1692559747076
1692559749124
1692559751156
1692559753185
1692559755220
1692559757266
1692559759303
1692559761333
1692559763383
1692559765435
1692559767472
1692559769515
1692559771549
1692559773603
1692559775650
1692559777701
1692559779746
1692559781782
1692559783815
1692559785838
1692559787880
1692559789914
1692559791960
1692559793995
1692559796026
1692559798072
1692559800119
1692559802165
1692560492425
