1692630478279
1692630487564
1692630496849
1692630506142
1692630515429
1692630524713
1692630534005
1692630543305
1692630552596
1692630561914
1692630571248
1692630580564
1692630589856
1692630599141
1692630608445
1692630617764
1692630627065
1692630636362
1692630645683
1692630654998
1692630664302
1692630673583
1692630682865
1692630692173
1692630701479
1692630710796
1692630720119
1692630729448
1692630738762
1692630748091
1692630757392
1692630766662
1692630775986
1692630785295
1692630794601
1692630803876
1692630813159
1692630822455
1692630831752
1692630841072
1692630850381
1692630859704
1692630869047
1692630878381
1692630887699
1692630897011
1692630906317
1692630915657
1692630924991
1692630934320
1692630943654
1692630952986
1692630962313
1692630971645
1692630980981
1692630990314
1692630999637
1692631008967
1692631018311
1692631027650
1692631036995
1692631046310
1692631055637
1692631064983
1692631074320
1692631083659
1692631093017
1692631102342
1692631111669
1692631120983
1692631130324
1692631139660
1692631148989
1692631158319
1692631167648
1692631176962
1692631186216
1692631195488
1692631204789
1692631214081
1692631223371
1692631232660
1692631241950
1692631251224
1692631260502
1692631269786
1692631279112
1692631288395
1692631297716
1692631307030
1692631316339
1692631325624
1692631334924
1692631344219
1692631353534
1692631362812
1692631372082
1692631381384
1692631390696
1692631399952
1692631409249
1692631418557
1692631427862
1692631437138
1692631446440
1692631455747
1692631465037
1692631474316
1692631483613
1692631492894
1692631502209
1692631511534
1692631520836
1692631530129
1692631539463
1692631548755
1692631558069
1692631567359
1692631576668
1692631585943
1692631595245
1692631604552
1692631613853
1692631623159
1692631632450
1692631641754
1692631651054
1692631660342
1692631669668
1692631678978
1692631688276
1692631697584
1692631706866
1692631716146
1692631725465
1692631734784
1692631744106
1692631753386
1692631762677
1692631771983
1692631781271
1692631790553
1692631799861
1692631809161
1692631818489
1692631827827
1692631837171
1692631846513
1692631855855
1692631865187
1692631874527
1692631883864
1692631893192
1692631902534
1692631911883
1692631921220
1692631930547
1692631939890
1692631949219
1692631958543
1692631967875
1692631977210
1692631986556
1692631995879
1692632005204
1692632014554
1692632023870
1692632033219
1692632042582
1692632051925
1692632061253
1692632070593
1692632079920
1692632089251
1692632098588
1692632107920
1692632117248
1692632126586
1692632135939
1692632145287
1692632154603
1692632163953
1692632173285
1692632182608
1692632191942
1692632201298
1692632210641
1692632219975
1692632229299
1692632238639
1692632247973
1692632257316
1692632266639
1692632275973
1692632285302
1692632294637
1692632303975
1692632313306
1692632322646
1692632331983
1692632341326
1692632350649
1692632359986
1692632369328
1692632378673
1692632388016
1692632397342
1692632406666
1692632415975
1692632425263
1692632434562
1692632443874
1692632453190
1692632462476
1692632471763
1692632481076
1692632490428
1692632499747
1692632509106
1692632518416
1692632527758
1692632537076
1692632546413
1692632555753
1692632565093
1692632574435
1692632583749
1692632593091
1692632602421
1692632611764
1692632621112
1692632630451
1692632639810
1692632649149
1692632658491
1692632667836
1692632677173
1692632686505
1692632695852
1692632705184
1692632714529
1692632723894
1692632733219
1692632742547
1692632751859
1692632761179
1692632770503
1692632779850
1692632789131
1692632798480
1692632807817
1692632817155
1692632826480
1692632835808
1692632845157
1692632854463
1692632863785
1692632873104
1692632882450
1692632891781
1692632901124
1692632910443
1692632919767
1692632929062
1692632938397
1692632947675
1692632956961
1692632966287
1692632975561
1692632984866
1692632994208
1692633003539
1692633012884
1692633022231
1692633031568
1692633040898
1692633050226
1692633059573
1692633068901
1692633078222
1692633087526
1692633096827
1692633106112
1692633115427
1692633124711
1692633134029
1692633143329
1692633152626
1692633161925
1692633171202
1692633180499
1692633189782
1692633199071
1692633208362
1692633217668
1692633226965
1692633236249
1692633245536
1692633254816
1692633264133
1692633273431
1692633282738
1692633292009
1692633301287
1692633310573
1692633319852
1692633329101
1692633338407
1692633347704
1692633357000
1692633366289
1692633375610
1692633384904
1692633394207
1692633403516
1692633412825
1692633422117
1692633431415
1692633440732
1692633450036
1692633459332
1692633468638
1692633477953
1692633487243
1692633496584
1692633505922
1692633515265
1692633524597
1692633533943
1692633543281
1692633552632
1692633561968
1692633571297
1692633580635
1692633589970
1692633599295
1692633608634
1692633617967
1692633627278
1692633636593
1692633645910
1692633655248
1692633664595
1692633673938
1692633683263
1692633692585
1692633701919
1692633711236
1692633720571
1692633729927
1692633739265
1692633748549
1692633757890
1692633767162
1692633776472
1692633785804
1692633795157
1692633804503
1692633813835
1692633823162
1692633832490
1692633841827
1692633851138
1692633860475
1692633869805
1692633879140
1692633888459
1692633897787
1692633907123
1692633916459
1692633925766
1692633935107
1692633944421
1692633953763
1692633963089
1692633972424
1692633981778
1692633991099
1692634000421
1692634009727
1692634019017
1692634028313
1692634037598
1692634046949
1692634056284
1692634065611
1692634074942
1692634084240
1692634093520
1692634102818
1692634112095
1692634121420
1692634130718
1692634139993
1692634149268
1692634158554
1692634167818
1692634177127
1692634186419
1692634195688
1692634205015
1692634214324
1692634223610
1692634232948
1692634242269
1692634251564
1692634260886
1692634270189
1692634279506
1692634288812
1692634298140
1692634307454
1692634316751
1692634326048
1692634335333
1692634344642
1692634353951
1692634363245
1692634372550
1692634381833
1692634391117
1692634400401
1692634409679
1692634418976
1692634428282
1692634437601
1692634446892
1692634456158
1692634465443
1692634474739
1692634484049
1692634493319
1692634502623
1692634511945
1692634521257
1692634530601
1692634539937
1692634549284
1692634558618
1692634567947
1692634577282
1692634586624
1692634595972
1692634605312
1692634614635
1692634623966
1692634633304
1692634642578
1692634651913
1692634661234
1692634670529
1692634679815
1692634689126
1692634698451
1692634707780
1692634717105
1692634726445
1692634735769
1692634745086
1692634754419
1692634763752
1692634773085
1692634782411
1692634791754
1692634801076
1692634810392
1692634819725
1692634829054
1692634838397
1692634847721
1692634857061
1692634866386
1692634875718
1692634885057
1692634894392
1692634903738
1692634913076
1692634922405
1692634931751
1692634941106
1692634950429
1692634959765
1692634969109
1692634978457
1692634987783
1692634997108
1692635006436
1692635015748
1692635025068
1692635034376
1692635043697
1692635053041
1692635062391
1692635071720
1692635081049
1692635090382
1692635099719
1692635109053
1692635118338
1692635127629
