1692734477860
1692734497005
1692734516154
1692734535333
1692734554477
1692734573597
1692734592731
1692734611916
1692734631100
1692734650276
1692734669436
1692734688562
1692734707712
1692734726852
1692734745998
1692734765129
1692734784259
1692734803385
1692734822523
1692734841658
1692734860764
1692734879903
1692734899106
1692734918337
1692734937511
1692734956690
1692734975863
1692734995050
1692735014240
1692735033427
1692735052618
1692735071802
1692735090993
1692735110164
1692735129329
1692735148514
1692735167714
1692735186892
1692735206093
1692735225277
1692735244418
1692735263601
1692735282807
1692735301998
1692735321156
1692735340354
1692735359553
1692735378716
1692735397863
1692735417022
1692735436150
1692735455310
1692735474489
1692735493689
1692735512875
1692735532089
1692735551310
1692735570513
1692735589720
1692735608926
1692735628102
1692735647294
1692735666490
1692735685693
1692735704878
1692735724072
1692735743278
1692735762462
1692735781665
1692735800848
1692735820022
1692735839189
1692735858391
1692735877581
1692735896796
1692735915990
1692735935187
1692735954336
1692735973535
1692735992733
1692736011936
1692736031140
1692736050329
1692736069472
1692736088591
1692736107752
1692736126907
1692736146093
1692736165272
1692736184414
1692736203550
1692736222706
1692736241887
1692736261094
1692736280313
1692736299520
1692736318734
1692736337935
1692736357123
1692736376306
1692736395489
1692736414678
1692736433891
1692736453074
1692736472271
1692736491466
1692736510660
1692736529856
1692736549062
1692736568241
1692736587427
1692736606630
1692736625833
1692736645044
1692736664232
1692736683417
1692736702623
1692736721830
1692736741028
1692736760220
1692736779415
1692736798590
1692736817795
1692736836989
1692736856202
1692736875368
1692736894512
1692736913663
1692736932800
1692736951950
1692736971086
1692736990217
1692737009341
1692737028482
1692737047620
1692737066767
1692737085937
1692737105130
1692737124355
1692737143546
1692737162682
1692737181812
1692737200948
1692737220095
1692737239254
1692737258395
1692737277539
1692737296694
1692737315809
1692737334966
1692737354114
1692737373258
1692737392418
1692737411622
1692737430765
1692737449916
1692737469044
1692737488217
1692737507400
1692737526546
1692737545722
1692737564856
1692737584061
1692737603273
1692737622489
1692737641693
1692737660902
1692737680107
1692737699327
1692737718501
1692737737679
1692737756882
1692737776066
1692737795264
1692737814442
1692737833608
1692737852813
1692737872033
1692737891246
1692737910433
1692737929625
1692737948824
1692737968002
1692737987161
1692738006310
1692738025503
1692738044700
1692738063857
1692738082980
1692738102132
1692738121227
1692738140358
1692738159547
1692738178670
1692738197777
1692738216896
1692738236023
1692738255146
1692738274315
1692738293464
1692738312562
1692738331655
1692738350772
1692738369885
1692738388994
1692738408113
1692738427280
1692738446394
1692738465518
1692738484632
1692738503795
1692738522969
1692738542138
1692738561273
1692738580453
1692738599639
1692738618783
1692738637908
1692738657024
1692738676181
1692738695346
1692738714477
1692738733599
1692738752742
1692738771895
1692738791005
1692738810169
1692738829344
1692738848485
1692738867657
1692738886840
1692738905967
1692738925106
1692738944261
1692738963385
1692738982526
1692739001682
1692739020821
1692739039956
1692739059112
1692739078226
1692739097362
1692739116492
1692739135637
1692739154762
1692739173874
1692739192966
1692739212087
1692739231199
1692739250329
1692739269476
1692739288578
1692739307725
1692739326900
1692739346044
1692739365181
1692739384332
1692739403499
1692739422645
1692739441759
1692739460870
1692739479988
1692739499104
1692739518260
1692739537394
1692739556592
1692739575747
1692739594931
1692739614074
1692739633209
1692739652312
1692739671436
1692739690616
1692739709779
1692739728912
1692739748015
1692739767196
1692739786358
1692739805502
1692739824672
1692739843846
1692739863024
1692739882143
1692739901270
1692739920396
1692739939526
1692739958621
1692739977809
1692739996941
1692740016091
1692740035254
1692740054421
1692740073544
1692740092642
1692740111782
1692740130889
1692740150015
1692740169168
1692740188336
1692740207486
1692740226677
1692740245891
1692740265067
1692740284214
1692740303361
1692740322503
1692740341646
1692740360796
1692740379922
1692740399041
1692740418233
1692740437442
1692740456618
1692740475800
1692740494972
1692740514153
1692740533343
1692740552489
1692740571575
1692740590744
1692740609943
1692740629075
1692740648215
1692740667438
1692740686574
1692740705740
1692740724924
1692740744118
1692740763335
1692740782516
1692740801699
1692740820885
1692740840080
1692740859286
1692740878479
1692740897623
1692740916810
1692740936038
1692740955247
1692740974411
1692740993566
1692741012715
1692741031871
1692741051077
1692741070259
1692741089429
1692741108597
1692741127788
1692741146950
1692741166131
1692741185295
1692741204499
1692741223687
1692741242862
1692741262038
1692741281232
1692741300424
1692741319599
1692741338781
1692741357992
1692741377177
1692741396350
1692741415521
1692741434709
1692741453895
1692741473054
1692741492255
1692741511441
1692741530634
1692741549832
1692741569025
1692741588219
1692741607422
1692741626610
1692741645811
1692741665011
1692741684191
1692741703354
1692741722524
1692741741707
1692741760890
1692741780066
1692741799258
1692741818450
1692741837638
1692741856798
1692741875975
1692741895135
1692741914311
1692741933486
1692741952676
1692741971869
1692741991063
1692742010253
1692742029402
1692742048591
1692742067773
1692742086956
1692742106135
1692742125342
1692742144527
1692742163725
1692742182892
1692742202060
1692742221254
1692742240436
1692742259610
1692742278844
1692742298038
1692742317236
1692742336422
1692742355624
1692742374846
1692742394036
1692742413220
1692742432420
1692742451620
1692742470821
1692742490027
1692742509239
1692742528421
1692742547621
1692742566825
1692742586031
1692742605223
1692742624431
1692742643630
1692742662845
1692742682022
1692742701203
1692742720398
1692742739597
1692742758786
1692742777982
1692742797158
1692742816317
1692742835497
1692742854688
1692742873852
1692742893016
1692742912233
1692742931479
1692742950664
1692742969811
1692742988995
1692743008179
1692743027370
1692743046593
1692743065822
1692743084999
1692743104184
1692743123384
1692743142575
1692743161747
1692743180946
1692743200118
1692743219296
1692743238483
1692743257670
1692743276862
1692743296059
1692743315258
1692743334432
1692743353626
1692743372794
1692743391987
1692743411152
1692743430357
1692743449578
1692743468779
1692743487966
1692743507155
1692743526371
1692743545577
1692743564783
1692743583966
1692743603171
1692743622379
1692743641610
1692743660850
1692743680031
1692743699272
1692743718514
1692743737719
1692743756897
1692743776114
1692743795348
1692743814566
1692743833778
1692743852975
1692743872182
1692743891370
1692743910564
1692743929766
1692743948954
1692743968084
1692743987242
1692744006426
1692744025608
1692744044815
