1692561944810
1692561946857
1692561948902
1692561950934
1692561952985
1692561955024
1692561957066
1692561959118
1692561961156
1692561963197
1692561965248
1692561967288
1692561969322
1692561971364
1692561973389
1692561975423
1692561977460
1692561979485
1692561981528
1692561983572
1692561985618
1692561987664
1692561989711
1692561991741
1692561993790
1692561995824
1692561997872
1692561999916
1692562001951
1692562003985
1692562006028
1692562008064
1692562010096
1692562012140
1692562014187
1692562016231
1692562018264
1692562020310
1692562022354
1692562024378
1692562026409
1692562028456
1692562030504
1692562032541
1692562034575
1692562036608
1692562038656
1692562040688
1692562042714
1692562044748
1692562046777
1692562048824
1692562050858
1692562052898
1692562054929
1692562056978
1692562059016
1692562061068
1692562063112
1692562065158
1692562067200
1692562069248
1692562071300
1692562073341
1692562075372
1692562077405
1692562079447
1692562081497
1692562083541
1692562085586
1692562087632
1692562089671
1692562091709
1692562093761
1692562095811
1692562097838
1692562099877
1692562101920
1692562103967
1692562105996
1692562108037
1692562110093
1692562112135
1692562114174
1692562116228
1692562118259
1692562120311
1692562122354
1692562124401
1692562126447
1692562128488
1692562130520
1692562132549
1692562134576
1692562136626
1692562138673
1692562140714
1692562142760
1692562144803
1692562146854
1692562148890
1692562150941
1692562152967
1692562155012
1692562157055
1692562159107
1692562161127
1692562163164
1692562165212
1692562167250
1692562169293
1692562171338
1692562173372
1692562175402
1692562177443
1692562179465
1692562181497
1692562183525
1692562185566
1692562187594
1692562189616
1692562191659
1692562193697
1692562195727
1692562197761
1692562199805
1692562201854
1692562203904
1692562205947
1692562207968
1692562209990
1692562212018
1692562214048
1692562216073
1692562218106
1692562220142
1692562222173
1692562224218
1692562226244
1692562228271
1692562230313
1692562232335
1692562234364
1692562236411
1692562238444
1692562240470
1692562242511
1692562244545
1692562246591
1692562248641
1692562250669
1692562252700
1692562254745
1692562256790
1692562258843
1692562260886
1692562262933
1692562264973
1692562267027
1692562269057
1692562271091
1692562273120
1692562275146
1692562277189
1692562279220
1692562281263
1692562283305
1692562285345
1692562287373
1692562289386
1692562291409
1692562293449
1692562295499
1692562297545
1692562299593
1692562301627
1692562303658
1692562305701
1692562307728
1692562309776
1692562311817
1692562313856
1692562315893
1692562317935
1692562319974
1692562322019
1692562324045
1692562326090
1692562328122
1692562330158
1692562332200
1692562334233
1692562336278
1692562338321
1692562340362
1692562342413
1692562344466
1692562346500
1692562348537
1692562350580
1692562352605
1692562354658
1692562356707
1692562358753
1692562360784
1692562362832
1692562364883
1692562366915
1692562368951
1692562370981
1692562373028
1692562375077
1692562377125
1692562379172
1692562381205
1692562383238
1692562385276
1692562387322
1692562389365
1692562391411
1692562393445
1692562395489
1692562397536
1692562399585
1692562401617
1692562403667
1692562405709
1692562407738
1692562409781
1692562411822
1692562413871
1692562415903
1692562417934
1692562419966
1692562422006
1692562424058
1692562426105
1692562428140
1692562430190
1692562432220
1692562434257
1692562436295
1692562438344
1692562440364
1692562442416
1692562444470
1692562446509
1692562448540
1692562450580
1692562452629
1692562454684
1692562456727
1692562458783
1692562460822
1692562462860
1692562464890
1692562466918
1692562468955
1692562470983
1692562473020
1692562475074
1692562477114
1692562479139
1692562481169
1692562483208
1692562485245
1692562487266
1692562489298
1692562491334
1692562493363
1692562495399
1692562497431
1692562499475
1692562501502
1692562503557
1692562505581
1692562507629
1692562509676
1692562511722
1692562513744
1692562515781
1692562517830
1692562519859
1692562521906
1692562523960
1692562525994
1692562528028
1692562530066
1692562532101
1692562534135
1692562536175
1692562538214
1692562540239
1692562542272
1692562544322
1692562546374
1692562548396
1692562550437
1692562552463
1692562554503
1692562556532
1692562558565
1692562560608
1692562562644
1692562564675
1692562566702
1692562568731
1692562570763
1692562572789
1692562574816
1692562576848
1692562578876
1692562580922
1692562582967
1692562585015
1692562587063
1692562589095
1692562591130
1692562593174
1692562595222
1692562597266
1692562599324
1692562601366
1692562603403
1692562605428
1692562607478
1692562609531
1692562611573
1692562613615
1692562615649
1692562617705
1692562619764
1692562621809
1692562623841
1692562625883
1692562627929
1692562629965
1692562631999
1692562634044
1692562636068
1692562638108
1692562640153
1692562642194
1692562644242
1692562646291
1692562648333
1692562650382
1692562652434
1692562654478
1692562656524
1692562658575
1692562660619
1692562662668
1692562664717
1692562666763
1692562668792
1692562670828
1692562672870
1692562674911
1692562676958
1692562678994
1692562681031
1692562683078
1692562685121
1692562687163
1692562689200
1692562691256
1692562693302
1692562695355
1692562697399
1692562699439
1692562701489
1692562703525
1692562705578
1692562707619
1692562709669
1692562711722
1692562713754
1692562715792
1692562717845
1692562719886
1692562721914
1692562723942
1692562725993
1692562728021
1692562730049
1692562732092
1692562734134
1692562736174
1692562738198
1692562740253
1692562742295
1692562744331
1692562746383
1692562748412
1692562750443
1692562752474
1692562754515
1692562756562
1692562758603
1692562760634
1692562762677
1692562764728
1692562766753
1692562768802
1692562770847
1692562772896
1692562774944
1692562776966
1692562779008
1692562781047
1692562783079
1692562785118
1692562787161
1692562789210
1692562791246
1692562793291
1692562795329
1692562797358
1692562799409
1692562801456
1692562803499
1692562805542
1692562807573
1692562809605
1692562811647
1692562813690
1692562815732
1692562817769
1692562819822
1692562821872
1692562823925
1692562825966
1692562827995
1692562830038
1692562832076
1692562834120
1692562836163
1692562838202
1692562840256
1692562842273
1692562844324
1692562846360
1692562848393
1692562850431
1692562852463
1692562854518
1692562856555
1692562858591
1692562860615
1692562862652
1692562864696
1692562866745
1692562868778
1692562870827
1692562872876
1692562874923
1692562876974
1692562879015
1692562881038
1692562883070
1692562885105
1692562887145
1692562889178
1692562891223
1692562893264
1692562895292
1692562897322
1692562899362
1692562901401
1692562903442
1692562905477
1692562907501
1692562909534
1692562911578
1692562913630
1692562915659
1692562917708
1692562919760
1692562921804
1692562923852
1692562925901
1692562927935
1692562929981
1692562932028
1692562934072
1692562936113
1692562938139
1692562940182
1692562942222
1692562944262
1692562946309
1692562948342
1692562950392
1692562952435
1692562954473
1692562956521
1692562958566
1692562960609
1692562962644
