1692781181594
1692781200748
1692781219928
1692781239105
1692781258310
1692781277507
1692781296691
1692781315832
1692781334959
1692781354128
1692781373301
1692781392468
1692781411647
1692781430823
1692781449950
1692781469105
1692781488255
1692781507395
1692781526590
1692781545762
1692781564892
1692781584025
1692781603169
1692781622317
1692781641440
1692781660583
1692781679745
1692781698859
1692781718019
1692781737150
1692781756312
1692781775428
1692781794572
1692781813720
1692781832862
1692781852042
1692781871204
1692781890335
1692781909470
1692781928614
1692781947823
1692781966959
1692781986084
1692782005191
1692782024345
1692782043531
1692782062719
1692782081889
1692782101058
1692782120222
1692782139419
1692782158582
1692782177722
1692782196864
1692782216008
1692782235125
1692782254259
1692782273404
1692782292560
1692782311697
1692782330850
1692782350006
1692782369118
1692782388282
1692782407468
1692782426618
1692782445762
1692782464898
1692782484046
1692782503220
1692782522426
1692782541635
1692782560811
1692782580004
1692782599217
1692782618369
1692782637553
1692782656752
1692782675943
1692782695155
1692782714358
1692782733561
1692782752731
1692782771966
1692782791150
1692782810280
1692782829416
1692782848574
1692782867694
1692782886847
1692782906002
1692782925127
1692782944278
1692782963426
1692782982583
1692783001739
1692783020874
1692783040008
1692783059181
1692783078381
1692783097584
1692783116789
1692783135930
1692783155090
1692783174234
1692783193384
1692783212516
1692783231660
1692783250786
1692783269917
1692783289057
1692783308192
1692783327346
1692783346513
1692783365693
1692783384822
1692783404021
1692783423227
1692783442452
1692783461617
1692783480746
1692783499889
1692783519036
1692783538225
1692783557449
1692783576657
1692783595812
1692783614942
1692783634083
1692783653240
1692783672386
1692783691599
1692783710800
1692783730020
1692783749233
1692783768463
1692783787705
1692783806867
1692783826098
1692783845325
1692783864530
1692783883740
1692783902954
1692783922161
1692783941358
1692783960549
1692783979777
1692783998984
1692784018216
1692784037438
1692784056669
1692784075881
1692784095108
1692784114309
1692784133512
1692784152732
1692784171935
1692784191136
1692784210341
1692784229545
1692784248737
1692784267906
1692784287112
1692784306285
1692784325432
1692784344572
1692784363735
1692784382893
1692784402097
1692784421295
1692784440468
1692784459664
1692784478864
1692784498056
1692784517224
1692784536378
1692784555587
1692784574775
1692784593991
1692784613111
1692784632283
1692784651497
1692784670710
1692784689912
1692784709093
1692784728261
1692784747406
1692784766580
1692784785725
1692784804854
1692784823987
1692784843108
1692784862216
1692784881356
1692784900488
1692784919612
1692784938766
1692784957889
1692784977010
1692784996148
1692785015301
1692785034443
1692785053543
1692785072662
1692785091811
1692785110957
1692785130104
1692785149276
1692785168357
1692785187492
1692785206628
1692785225758
1692785244915
1692785264090
1692785283251
1692785302348
1692785321473
1692785340590
1692785359705
1692785378836
1692785398020
1692785417165
1692785436303
1692785455444
1692785474597
1692785493691
1692785512811
1692785531927
1692785551069
1692785570203
1692785589335
1692785608473
1692785627619
1692785646748
1692785665900
1692785685037
1692785704194
1692785723344
1692785742497
1692785761634
1692785780796
1692785799978
1692785819107
1692785838279
1692785857418
1692785876554
1692785895689
1692785914843
1692785934012
1692785953144
1692785972302
1692785991475
1692786010599
1692786029706
1692786048803
1692786067953
1692786087105
1692786106225
1692786125367
1692786144519
1692786163657
1692786182786
1692786201914
1692786221057
1692786240158
1692786259296
1692786278448
1692786297554
1692786316680
1692786335859
1692786355024
1692786374206
1692786393376
1692786412503
1692786431625
1692786450768
1692786469926
1692786489046
1692786508142
1692786527264
1692786546371
1692786565512
1692786584676
1692786603815
1692786622963
1692786642093
1692786661211
1692786680313
1692786699464
1692786718610
1692786737792
1692786756924
1692786776081
1692786795210
1692786814319
1692786833461
1692786852589
1692786871705
1692786890811
1692786909923
1692786929009
1692786948145
1692786967269
1692786986396
1692787005502
1692787024609
1692787043774
1692787062893
1692787082031
1692787101188
1692787120334
1692787139496
1692787158677
1692787177870
1692787197039
1692787216243
1692787235416
1692787254591
1692787273795
1692787293004
1692787312192
1692787331363
1692787350558
1692787369773
1692787388945
1692787408124
1692787427294
1692787446485
1692787465684
1692787484901
1692787504129
1692787523319
1692787542527
1692787561742
1692787580968
1692787600194
1692787619405
1692787638620
1692787657841
1692787677075
1692787696293
1692787715474
1692787734712
1692787753929
1692787773136
1692787792339
1692787811538
1692787830715
1692787849930
1692787869139
1692787888318
1692787907493
1692787926672
1692787945848
1692787965045
1692787984230
1692788003406
1692788022589
1692788041788
1692788061015
1692788080240
1692788099449
1692788118667
1692788137870
1692788157086
1692788176267
1692788195399
1692788214544
1692788233719
1692788252876
1692788272032
1692788291221
1692788310434
1692788329655
1692788348866
1692788368094
1692788387295
1692788406530
1692788425711
1692788444922
1692788464137
1692788483325
1692788502479
1692788521654
1692788540827
1692788560028
1692788579260
1692788598466
1692788617669
1692788636845
1692788656056
1692788675221
1692788694396
1692788713593
1692788732778
1692788751960
1692788771164
1692788790335
1692788809543
1692788828733
1692788847922
1692788867108
1692788886307
1692788905516
1692788924716
1692788943906
1692788963105
1692788982332
1692789001561
1692789020763
1692789039985
1692789059214
1692789078423
1692789097639
1692789116874
1692789136080
1692789155296
1692789174510
1692789193715
1692789212906
1692789232114
1692789251338
1692789270515
1692789289690
1692789308901
1692789328106
1692789347317
1692789366552
1692789385773
1692789404953
1692789424178
1692789443375
1692789462567
1692789481732
1692789500933
1692789520121
1692789539325
1692789558537
1692789577728
1692789596908
1692789616078
1692789635259
1692789654437
1692789673636
1692789692813
1692789712009
1692789731123
1692789750288
1692789769497
1692789788674
1692789807865
1692789827056
1692789846236
1692789865421
1692789884620
1692789903820
1692789923019
1692789942209
1692789961383
1692789980537
1692789999727
1692790018899
1692790038098
1692790057305
1692790076502
1692790095703
1692790114897
1692790134094
1692790153296
1692790172481
1692790191670
1692790210856
1692790230061
1692790249294
1692790268509
1692790287728
1692790306944
1692790326172
1692790345380
1692790364601
1692790383799
1692790403024
1692790422228
1692790441448
1692790460673
1692790479887
1692790499092
1692790518295
1692790537511
1692790556746
1692790575935
1692790595152
1692790614350
1692790633527
1692790652736
1692790671948
1692790691185
1692790710390
1692790729617
1692790748824
