1692622762964
1692622768872
1692622774781
1692622780696
1692622786599
1692622792490
1692622798405
1692622804305
1692622810199
1692622816099
1692622822000
1692622827906
1692622833796
1692622839694
1692622845582
1692622851487
1692622857378
1692622863282
1692622869178
1692622875078
1692622880980
1692622886885
1692622892771
1692622898665
1692622904570
1692622910475
1692622916379
1692622922273
1692622928165
1692622934055
1692625334537
1692625343845
1692625353152
1692625362455
1692625371752
1692625381065
1692625390355
1692625399664
1692625408989
1692625418316
1692625427647
1692625436988
1692625446301
1692625455592
1692625464895
1692625474221
1692625483535
1692625492857
1692625502167
1692625511471
1692625520789
1692625530097
1692625539410
1692625548722
1692625558026
1692625567352
1692625576694
1692625586007
1692625595325
1692625604663
1692625614002
1692625623334
1692625632625
1692625641921
1692625651237
1692625660553
1692625669862
1692625679179
1692625688484
1692625697793
1692625707106
1692625716440
1692625725795
1692625735134
1692625744474
1692625753780
1692625763139
1692625772451
1692625781757
1692625791069
1692625800374
1692625809669
1692625818983
1692625828284
1692625837593
1692625846901
1692625856235
1692625865533
1692625874826
1692625884146
1692625893463
1692625902798
1692625912144
1692625921489
1692625930790
1692625940099
1692625949409
1692625958720
1692625968026
1692625977342
1692625986650
1692625995962
1692626005265
1692626014534
1692626023825
1692626033133
1692626042434
1692626051736
1692626061038
1692626070348
1692626079649
1692626088969
1692626098263
1692626107566
1692626116876
1692626126197
1692626135507
1692626144833
1692626154148
1692626163473
1692626172774
1692626182100
1692626191420
1692626200754
1692626210090
1692626219445
1692626228761
1692626238046
1692626247356
1692626256685
1692626265969
1692626275307
1692626284648
1692626293975
1692626303285
1692626312597
1692626321901
1692626331208
1692626340522
1692626349825
1692626359132
1692626368443
1692626377761
1692626387070
1692626396376
1692626405686
1692626415027
1692626424369
1692626433724
1692626443053
1692626452359
1692626461660
1692626470914
1692626480202
1692626489543
1692626498874
1692626508177
1692626517475
1692626526782
1692626536064
1692626545336
1692626554616
1692626563935
1692626573269
1692626582597
1692626591920
1692626601266
1692626610593
1692626619932
1692626629267
1692626638585
1692626647921
1692626657264
1692626666584
1692626675883
1692626685197
1692626694538
1692626703845
1692626713187
1692626722526
1692626731864
1692626741199
1692626750546
1692626759864
1692626769196
1692626778520
1692626787859
1692626797209
1692626806557
1692626815895
1692626825237
1692626834568
1692626843895
1692626853239
1692626862570
1692626871892
1692626881238
1692626890559
1692626899903
1692626909224
1692626918548
1692626927888
1692626937203
1692626946535
1692626955870
1692626965220
1692626974557
1692626983890
1692626993225
1692627002561
1692627011885
1692627021192
1692627030485
1692627039815
1692627049142
1692627058430
1692627067767
1692627077073
1692627086356
1692627095613
1692627104920
1692627114236
1692627123534
1692627132842
1692627142155
1692627151483
1692627160815
1692627170103
1692627179414
1692627188718
1692627198032
1692627207312
1692627216603
1692627225922
1692627235218
1692627244520
1692627253840
1692627263155
1692627272481
1692627281818
1692627291134
1692627300409
1692627309704
1692627318960
1692627328285
1692627337598
1692627346923
1692627356224
1692627365530
1692627374823
1692627384176
1692627393505
1692627402825
1692627412164
1692627421455
1692627430778
1692627440109
1692627449444
1692627458783
1692627468107
1692627477451
1692627486795
1692627496126
1692627505450
1692627514789
1692627524120
1692627533442
1692627542750
1692627552092
1692627561436
1692627570778
1692627580121
1692627589452
1692627598775
1692627608083
1692627617413
1692627626761
1692627636083
1692627645436
1692627654752
1692627664090
1692627673430
1692627682764
1692627692101
1692627701436
1692627710776
1692627720103
1692627729452
1692627738797
1692627748149
1692627757480
1692627766808
1692627776129
1692627785468
1692627794808
1692627804141
1692627813488
1692627822830
1692627832137
1692627841481
1692627850790
1692627860076
1692627869371
1692627878686
1692627888003
1692627897309
1692627906641
1692627915957
1692627925253
1692627934556
1692627943850
1692627953152
1692627962474
1692627971770
1692627981080
1692627990383
1692627999684
1692628008994
1692628018303
1692628027631
1692628036954
1692628046296
1692628055643
1692628064939
1692628074241
1692628083542
1692628092845
1692628102155
1692628111466
1692628120806
1692628130092
1692628139399
1692628148710
1692628158027
1692628167363
1692628176685
1692628185973
1692628195272
1692628204575
1692628213881
1692628223194
1692628232535
1692628241863
1692628251183
1692628260497
1692628269809
1692628279123
1692628288458
1692628297800
1692628307117
1692628316410
1692628325757
1692628335037
1692628344361
1692628353690
1692628363002
1692628372352
1692628381696
1692628391000
1692628400329
1692628409664
1692628418990
1692628428326
1692628437670
1692628446999
1692628456332
1692628465650
1692628474959
1692628484301
1692628493627
1692628502984
1692628512326
1692628521670
1692628531014
1692628540362
1692628549703
1692628559040
1692628568372
1692628577718
1692628587045
1692628596388
1692628605744
1692628615073
1692628624416
1692628633757
1692628643086
1692628652405
1692628661753
1692628671091
1692628680426
1692628689762
1692628699109
1692628708418
1692628717746
1692628727078
1692628736411
1692628745740
1692628755070
1692628764393
1692628773739
1692628783082
1692628792417
1692628801755
1692628811078
1692628820394
1692628829725
1692628839069
1692628848379
1692628857701
1692628867004
1692628876295
1692628885644
1692628894983
1692628904333
1692628913692
1692628922987
1692628932324
1692628941656
1692628950998
1692628960323
1692628969662
1692628978996
1692628988343
1692628997658
1692629007013
1692629016351
1692629025683
1692629035028
1692629044354
1692629053678
1692629062979
1692629072313
1692629081655
1692629090978
1692629100280
1692629109534
1692629118826
1692629128134
1692629137465
1692629146795
1692629156122
1692629165458
1692629174795
1692629184122
1692629193467
1692629202805
1692629212130
1692629221468
1692629230807
1692629240150
1692629249484
1692629258829
1692629268184
1692629277513
1692629286847
1692629296164
1692629305495
1692629314773
1692629324087
1692629333421
1692629342718
1692629352050
1692629361357
1692629370685
1692629380030
1692629389353
1692629398688
1692629408011
1692629417331
1692629426637
1692629435951
1692629445297
1692629454649
1692629463972
1692629473292
1692629482609
1692629491927
1692629501222
1692629510541
1692629519862
1692629529175
1692629538493
1692629547810
1692629557138
1692629566439
1692629575758
1692629585073
1692629594369
1692629603663
1692629612967
1692629622264
1692629631570
1692629640870
1692629650193
1692629659525
1692629668863
1692629678198
1692629687543
1692629696866
1692629706200
1692629715521
1692629724843
1692629734157
1692629743481
1692629752825
1692629762149
1692629771443
1692629780770
1692629790080
1692629799419
1692629808726
1692629818050
1692629827366
1692629836691
1692629846015
1692629855308
1692629864600
1692629873890
1692629883185
1692629892501
1692629901786
1692629911108
1692629920420
1692629929748
1692629939083
1692629948442
1692629957793
1692629967140
1692629976491
1692629985772
