1692550349537
1692550351588
1692550353640
1692550355692
1692550357739
1692550359792
1692550361845
1692550363881
1692550365915
1692550367964
1692550370000
1692550372049
1692550374067
1692550376103
1692550378149
1692550380197
1692550382245
1692550384296
1692550386325
1692550388368
1692550390408
1692550392439
1692550394496
1692550396539
1692550398565
1692550400622
1692550402678
1692550404720
1692550406750
1692550408807
1692550410840
1692550412882
1692550414936
1692550416973
1692550419015
1692550421047
1692550423099
1692550425152
1692550427177
1692550429235
1692550431264
1692550433303
1692550435352
1692550437393
1692550439448
1692550441501
1692550443547
1692550445585
1692550447628
1692550449684
1692550451726
1692550453778
1692550455818
1692550457871
1692550459925
1692550461972
1692550464025
1692550466059
1692550468105
1692550470158
1692550472192
1692550474223
1692550476262
1692550478306
1692550480357
1692550482391
1692550484432
1692550486486
1692550488516
1692550490545
1692550492579
1692550494622
1692550496672
1692550498719
1692550500763
1692550502795
1692550504834
1692550506878
1692550508922
1692550510957
1692550513000
1692550515046
1692550517096
1692550519143
1692550521194
1692550523230
1692550525263
1692550527306
1692550529349
1692550531405
1692550533453
1692550535501
1692550537540
1692550539575
1692550541619
1692550543672
1692550545709
1692550547746
1692550549802
1692550551843
1692550553887
1692550555941
1692550557997
1692550560036
1692550562080
1692550564123
1692550566155
1692550568202
1692550570243
1692550572293
1692550574331
1692550576381
1692550578425
1692550580468
1692550582505
1692550584551
1692550586591
1692550588636
1692550590675
1692550592723
1692550594771
1692550596803
1692550598849
1692550600903
1692550602937
1692550604973
1692550607028
1692550609076
1692550611117
1692550613144
1692550615189
1692550617237
1692550619288
1692550621324
1692550623375
1692550625413
1692550627453
1692550629506
1692550631544
1692550633581
1692550635610
1692550637662
1692550639712
1692550641745
1692550643786
1692550645835
1692550647876
1692550649921
1692550651952
1692550654004
1692550656048
1692550658082
1692550660132
1692550662181
1692550664228
1692550666265
1692550668300
1692550670348
1692550672394
1692550674448
1692550676492
1692550678543
1692550680568
1692550682620
1692550684672
1692550686720
1692550688763
1692550690814
1692550692860
1692550694912
1692550696937
1692550698982
1692550701013
1692550703073
1692550705111
1692550707170
1692550709223
1692550711275
1692550713334
1692550715375
1692550717433
1692550719475
1692550721530
1692550723570
1692550725618
1692550727649
1692550729686
1692550731726
1692550733764
1692550735816
1692550737858
1692550739902
1692550741949
1692550743995
1692550746044
1692550748087
1692550750118
1692550752160
1692550754209
1692550756255
1692550758285
1692550760340
1692550762394
1692550764435
1692550766471
1692550768514
1692550770566
1692550772621
1692550774671
1692550776708
1692550778762
1692550780816
1692550782859
1692550784889
1692550786934
1692550788970
1692550791023
1692550793073
1692550795130
1692550797172
1692550799200
1692550801250
1692550803292
1692550805336
1692550807385
1692550809423
1692550811465
1692550813499
1692550815537
1692550817588
1692550819644
1692550821689
1692550823734
1692550825766
1692550827809
1692550829852
1692550831881
1692550833935
1692550835969
1692550838014
1692550840073
1692550842123
1692550844153
1692550846179
1692550848210
1692550850233
1692550852256
1692550854303
1692550856317
1692550858377
1692550860420
1692550862443
1692550864481
1692550866512
1692550868554
1692550870607
1692550872645
1692550874669
1692550876713
1692550878766
1692550880795
1692550882835
1692550884895
1692550886952
1692550888997
1692550891055
1692550893079
1692550895109
1692550897146
1692550899194
1692550901256
1692550903298
1692550905334
1692550907345
1692550909389
1692550911441
1692550913499
1692550915530
1692550917560
1692550919591
1692550921629
1692550923686
1692550925707
1692550927744
1692550929775
1692550931812
1692550933855
1692550935881
1692550937924
1692550939974
1692550942014
1692550944044
1692550946086
1692550948119
1692550950153
1692550952191
1692550954227
1692550956256
1692550958299
1692550960337
1692550962380
1692550964435
1692550966485
1692550968520
1692550970555
1692550972578
1692550974624
1692550976685
1692550978716
1692550980753
1692550982782
1692550984838
1692550986895
1692550988948
1692550990975
1692550993019
1692550995047
1692550997081
1692550999137
1692551001175
1692551003220
1692551005267
1692551007311
1692551009342
1692551011392
1692551013429
1692551015469
1692551017499
1692551019528
1692551021563
1692551023611
1692551025652
1692551027696
1692551029746
1692551031795
1692551033832
1692551035861
1692551037910
1692551039962
1692551042003
1692551044046
1692551046085
1692551048119
1692551050163
1692551052214
1692551054263
1692551056310
1692551058352
1692551060388
1692551062430
1692551064468
1692551066517
1692551068565
1692551070613
1692551072639
1692551074683
1692551076719
1692551078765
1692551080800
1692551082845
1692551084895
1692551086929
1692551088981
1692551091031
1692551093076
1692551095123
1692551097162
1692551099209
1692551101251
1692551103294
1692551105344
1692551107389
1692551109420
1692551111460
1692551113506
1692551115556
1692551117606
1692551119656
1692551121705
1692551123742
1692551125786
1692551127828
1692551129863
1692551131906
1692551133956
1692551136006
1692551138050
1692551140093
1692551142135
1692551144170
1692551146213
1692551148261
1692551150310
1692551152352
1692551154392
1692551156434
1692551158483
1692551160521
1692551162554
1692551164600
1692551166637
1692551168694
1692551170739
1692551172774
1692551174816
1692551176843
1692551178889
1692551180918
1692551182980
1692551185038
1692551187068
1692551189109
1692551191164
1692551193218
1692551195238
1692551197282
1692551199340
1692551201396
1692551203437
1692551205480
1692551207524
1692551209564
1692551211603
1692551213649
1692551215685
1692551217718
1692551219770
1692551221814
1692551223864
1692551225904
1692551227950
1692551230002
1692551232050
1692551234097
1692551236135
1692551238170
1692551240215
1692551242250
1692551244304
1692551246351
1692551248379
1692551250410
1692551252459
1692551254503
1692551256550
1692551258584
1692551260629
1692551262673
1692551264721
1692551266770
1692551268804
1692551270843
1692551272886
1692551274938
1692551276979
1692551279014
1692551281062
1692551283099
1692551285135
1692551287172
1692551289203
1692551291249
1692551293281
1692551295308
1692551297340
1692551299388
1692551301444
1692551303498
1692551305546
1692551307595
1692551309632
1692551311679
1692551313727
1692551315775
1692551317822
1692551319868
1692551321919
1692551323966
1692551326018
1692551328075
1692551330120
1692551332171
1692551334226
1692551336282
1692551338322
1692551340381
1692551342419
1692551344465
1692551346499
1692551348557
1692551350606
1692551352640
1692551354690
1692551356747
1692551358778
1692551360812
1692551362859
1692551364902
1692551366943
1692551369000
1692551371029
1692551373037
1692551375078
1692551377120
1692551379173
1692551381230
1692551383288
1692551385342
1692551387383
1692551389427
1692551391477
1692551393517
1692551395577
1692551397623
1692551399645
1692551401672
1692551403717
1692551405750
1692551407794
1692551409842
1692551411873
1692551413928
1692551415962
1692551417983
1692551420016
1692551422060
1692551424079
1692551426141
1692551428201
1692551430234
1692551432264
1692551434309
1692551436355
1692551438400
1692551440420
1692551442453
1692551444486
1692551446532
1692551448563
1692551450593
1692551452652
1692551454674
1692551456703
1692551458734
1692551460765
1692551462810
1692551464854
1692551466889
1692551468936
1692551470982
1692551473015
1692551475061
1692551477100
1692551479153
1692551481184
1692551483237
1692551485293
1692551487343
1692551489397
1692551491446
1692551493495
1692551495544
1692551497587
1692551499634
1692551501675
1692551503722
1692551505775
1692551507809
1692551509861
1692551511917
1692551513964
1692551516010
1692551518061
1692551520109
1692551522145
1692551524194
1692551526232
1692551528290
1692551530328
1692551532370
1692551534416
1692551536458
1692551538491
1692551540545
1692551542580
1692551544626
1692551546671
1692551548703
1692551550748
1692551552797
1692551554830
1692551556890
1692551558950
1692551560984
1692551563012
1692551565046
1692551567077
1692551569114
1692551571172
1692551573231
1692551575250
1692551577281
1692551579326
1692551581358
1692551583404
1692551585437
1692551587481
1692551589513
1692551591546
1692551593589
1692551595609
1692551597643
1692551599688
1692551601734
1692551603780
1692551605839
1692551607856
1692551609897
1692551611943
1692551613994
1692551616044
1692551618094
1692551620139
1692551622191
1692551624242
1692551626292
1692551628342
1692551630393
1692551632440
1692551634490
1692551636539
1692551638577
1692551640634
1692551642681
1692551644734
1692551646786
1692551648839
1692551650888
1692551652947
1692551654996
1692551657047
1692551659088
1692551661136
1692551663185
1692551665233
1692551667288
1692551669336
1692551671383
1692551673435
1692551675463
1692551677514
1692551679566
1692551681604
1692551683656
1692551685696
1692551687750
1692551689800
1692551691852
1692551693897
1692551695949
1692551697998
1692551700049
1692551702100
1692551704138
1692551706181
1692551708230
1692551710281
1692551712324
1692551714367
1692551716418
1692551718454
1692551720507
1692551722555
1692551724597
1692551726639
1692551728688
1692551730740
1692551732790
1692551734839
1692551736878
1692551738929
1692551740969
1692551743019
1692551745056
1692551747103
1692551749131
1692551751174
1692551753221
1692551755268
1692551757319
1692551759370
1692551761404
1692551763449
1692551765495
1692551767545
1692551769578
1692551771621
1692551773663
1692551775709
1692551777744
1692551779791
1692551781825
1692551783873
1692551785917
1692551787966
1692551790009
1692551792057
1692551794094
1692551796136
1692551798185
1692551800237
1692551802289
1692551804334
1692551806372
1692551808427
1692551810476
1692551812507
1692551814544
1692551816560
1692551818595
1692551820632
1692551822683
1692551824731
1692551826775
1692551828825
1692551830863
1692551832897
1692551834934
1692551836965
1692551839016
1692551841046
1692551843091
1692551845133
1692551847185
1692551849224
1692551851259
1692551853290
1692551855335
1692551857368
1692551859417
1692551861451
1692551863507
1692551865552
1692551867592
1692551869638
1692551871682
1692551873729
1692551875775
1692551877809
1692551879858
1692551881894
1692551883943
1692551885986
1692551888015
1692551890060
1692551892114
1692551894165
1692551896212
1692551898258
1692551900310
1692551902361
1692551904397
1692551906446
1692551908496
1692551910530
1692551912581
1692551914626
1692551916679
1692551918725
1692551920772
1692551922813
1692551924849
1692551926903
1692551928945
1692551930990
1692551933034
1692551935069
1692551937123
1692551939154
1692551941200
1692551943247
1692551945273
1692551947293
1692551949334
1692551951379
1692551953435
1692551955489
1692551957545
1692551959601
1692551961644
1692551963687
1692551965728
1692551967782
1692551969821
1692551971868
1692551973891
1692551975917
1692551977976
1692551979995
1692551982041
1692551984071
1692551986110
1692551988153
1692551990175
1692551992232
1692551994265
1692551996283
1692551998314
1692552000369
1692552002417
1692552004468
1692552006503
1692552008556
1692552010584
1692552012633
1692552014671
1692552016709
1692552018750
1692552020800
1692552022835
1692552024876
1692552026930
1692552028967
1692552031008
1692552033038
1692552035088
1692552037137
1692552039173
1692552041217
1692552043262
1692552045303
1692552047341
1692552049390
1692552051438
1692552053485
1692552055513
1692552057548
1692552059582
1692552061615
1692552063665
1692552065712
1692552067745
1692552069787
1692552071831
1692552073876
1692552075911
1692552077960
1692552080012
1692552082053
1692552084101
1692552086139
1692552088187
1692552090212
1692552092255
1692552094304
1692552096351
1692552098399
1692552100442
1692552102480
1692552104529
1692552106566
1692552108603
1692552110654
1692552112691
1692552114744
1692552116776
1692552118824
1692552120869
1692552122903
1692552124952
1692552126999
1692552129051
1692552131102
1692552133134
1692552135181
1692552137213
1692552139262
1692552141286
1692552143329
1692552145364
1692552147391
1692552149439
1692552151473
1692552153515
1692552155550
1692552157601
1692552159643
1692552161684
1692552163734
1692552165773
1692552167813
1692552169851
1692552171899
1692552173944
1692552175983
1692552178009
1692552180046
1692552182085
1692552184134
1692552186182
1692552188220
1692552190262
1692552192291
1692552194340
1692552196385
1692552198417
1692552200459
1692552202506
1692552204545
1692552206585
1692552208621
1692552210658
1692552212697
1692552214739
1692552216793
1692552218828
1692552220867
1692552222899
1692552224945
1692552226991
1692552229025
1692552231051
1692552233098
1692552235148
1692552237202
1692552239253
1692552241283
1692552243336
1692552245379
1692552247428
1692552249459
1692552251504
1692552253548
1692552255593
1692552257643
1692552259682
1692552261701
1692552263753
1692552265784
1692552267823
1692552269853
1692552271875
1692552273929
1692552275963
1692552278011
1692552280045
1692552282063
1692552284085
1692552286118
1692552288161
1692552290215
1692552292259
1692552294303
1692552296341
1692552298387
1692552300438
1692552302466
1692552304525
1692552306575
1692552308631
1692552310662
1692552312699
1692552314739
1692552316761
1692552318815
1692552320842
1692552322895
1692552324914
1692552326945
1692552328994
1692552331034
1692552333077
1692552335100
1692552337154
1692552339201
1692552341233
1692552343279
1692552345308
1692552347340
1692552349364
1692552351376
1692552353418
1692552355446
1692552357472
1692552359512
1692552361556
1692552363564
1692552365598
1692552367633
1692552369660
1692552371719
1692552373777
1692552375807
1692552377841
1692552379865
1692552381903
1692552383943
1692552386004
1692552388046
1692552390106
