1692802175748
1692802194904
1692802214094
1692802233281
1692802252483
1692802271615
1692802290791
1692802309946
1692802329132
1692802348338
1692802367482
1692802386666
1692802405889
1692802425091
1692802444273
1692802463428
1692802482624
1692802501828
1692802521042
1692802540180
1692802559349
1692802578524
1692802597694
1692802616861
1692802636021
1692802655190
1692802674351
1692802693531
1692802712703
1692802731891
1692802751062
1692802770217
1692802789392
1692802808563
1692802827732
1692802846906
1692802866040
1692802885225
1692802904406
1692802923581
1692802942765
1692802961952
1692802981125
1692803000295
1692803019463
1692803038647
1692803057838
1692803077032
1692803096204
1692803115389
1692803134567
1692803153745
1692803172904
1692803192109
1692803211297
1692803230453
1692803249652
1692803268844
1692803288029
1692803307264
1692803326453
1692803345609
1692803364828
1692803383982
1692803403140
1692803422323
1692803441483
1692803460683
1692803479921
1692803499127
1692803518320
1692803537515
1692803556699
1692803575902
1692803595100
1692803614277
1692803633438
1692803652638
1692803671797
1692803690998
1692803710171
1692803729354
1692803748553
1692803767718
1692803786919
1692803806098
1692803825236
1692803844415
1692803863589
1692803882728
1692803901950
1692803921148
1692803940323
1692803959506
1692803978685
1692803997873
1692804017062
1692804036248
1692804055465
1692804074670
1692804093886
1692804113073
1692804132317
1692804151513
1692804170751
1692804189944
1692804209154
1692804228359
1692804247553
1692804266764
1692804285967
1692804305187
1692804324363
1692804343558
1692804362749
1692804381971
1692804401168
1692804420297
1692804439480
1692804458661
1692804477844
1692804497048
1692804516235
1692804535434
1692804554647
1692804573860
1692804593035
1692804612209
1692804631388
1692804650552
1692804669717
1692804688899
1692804708107
1692804727325
1692804746502
1692804765700
1692804784858
1692804804079
1692804823281
1692804842453
1692804861652
1692804880826
1692804899973
1692804919154
1692804938366
1692804957568
1692804976763
1692804995982
1692805015165
1692805034332
1692805053530
1692805072670
1692805091842
1692805111002
1692805130157
1692805149294
1692805168452
1692805187654
1692805206761
1692805225926
1692805245109
1692805264310
1692805283510
1692805302711
1692805321874
1692805341094
1692805360312
1692805379513
1692805398708
1692805417853
1692805437014
1692805456201
1692805475389
1692805494538
1692805513732
1692805532921
1692805552092
1692805571321
1692805590512
1692805609710
1692805628920
1692805648104
1692805667324
1692805686527
1692805705739
1692805724952
1692805744165
1692805763355
1692805782525
1692805801728
1692805820962
1692805840151
1692805859364
1692805878553
1692805897759
1692805916936
1692805936130
1692805955366
1692805974535
1692805993732
1692806012878
1692806032061
1692806051285
1692806070499
1692806089712
1692806108889
1692806128064
1692806147308
1692806166483
1692806185669
1692806204833
1692806224011
1692806243136
1692806262296
1692806281472
1692806300626
1692806319781
1692806339003
1692806358209
1692806377357
1692806396532
1692806415712
1692806434906
1692806454093
1692806473302
1692806492485
1692806511664
1692806530832
1692806550009
1692806569169
1692806588348
1692806607492
1692806626666
1692806645870
1692806665068
1692806684270
1692806703453
1692806722640
1692806741803
1692806760978
1692806780166
1692806799378
1692806818576
1692806837796
1692806856979
1692806876170
1692806895371
1692806914596
1692806933802
1692806952993
1692806972188
1692806991354
1692807010553
1692807029712
1692807048875
1692807068024
1692807087163
1692807106335
1692807125469
1692807144623
1692807163799
1692807182980
1692807202134
1692807221319
1692807240494
1692807259654
1692807278817
1692807298002
1692807317161
1692807336335
1692807355517
1692807374695
1692807393886
1692807413085
1692807432257
1692807451454
1692807470642
1692807489820
1692807508959
1692807528151
1692807547307
1692807566470
1692807585661
1692807604838
1692807623986
1692807643158
1692807662328
1692807681492
1692807700635
1692807719787
1692807738945
1692807758129
1692807777290
1692807796437
1692807815601
1692807834766
1692807853943
1692807873103
1692807892280
1692807911460
1692807930641
1692807949822
1692807968986
1692807988148
1692808007292
1692808026477
1692808045650
1692808064813
1692808083994
1692808103169
1692808122345
1692808141536
1692808160744
1692808179960
1692808199180
1692808218352
1692808237492
1692808256669
1692808275836
1692808295010
1692808314180
1692808333368
1692808352555
1692808371721
1692808390854
1692808410034
1692808429195
1692808448371
1692808467519
1692808486681
1692808505821
1692808525025
1692808544220
1692808563381
1692808582579
1692808601727
1692808620889
1692808640055
1692808659227
1692808678374
1692808697537
1692808716702
1692808735883
1692808755069
1692808774226
1692808793383
1692808812549
1692808831763
1692808850960
1692808870155
1692808889310
1692808908481
1692808927648
1692808946805
1692808965948
1692808985118
1692809004284
1692809023437
1692809042616
1692809061799
1692809080976
1692809100181
1692809119336
1692809138513
1692809157679
1692809176822
1692809196004
1692809215165
1692809234326
1692809253505
1692809272678
1692809291819
1692809310991
1692809330151
1692809349322
1692809368508
1692809387694
1692809406847
1692809426030
1692809445202
1692809464399
1692809483596
1692809502803
1692809521999
1692809541210
1692809560397
1692809579590
1692809598792
1692809617973
1692809637158
1692809656340
1692809675552
1692809694753
1692809713944
1692809733138
1692809752323
1692809771514
1692809790688
1692809809899
1692809829056
1692809848200
1692809867367
1692809886556
1692809905726
1692809924906
1692809944069
1692809963257
1692809982425
1692810001585
1692810020742
1692810039917
1692810059066
1692810078237
1692810097415
1692810116589
1692810135761
1692810154933
1692810174084
1692810193259
1692810212424
1692810231607
1692810250774
1692810269954
1692810289135
1692810308318
1692810327505
1692810346658
1692810365825
1692810385007
1692810404176
1692810423368
1692810442566
1692810461786
1692810480990
1692810500172
1692810519364
1692810538523
1692810557681
1692810576846
1692810596023
1692810615197
1692810634368
1692810653580
1692810672758
1692810691919
1692810711093
1692810730257
1692810749429
1692810768616
1692810787804
1692810806953
1692810826146
1692810845296
1692810864477
1692810883714
