1692811202149
1692811221322
1692811240503
1692811259680
1692811278886
1692811298067
1692811317268
1692811336466
1692811355667
1692811374849
1692811394033
1692811413207
1692811432405
1692811451629
1692811470821
1692811490021
1692811509234
1692811528427
1692811547609
1692811566808
1692811585998
1692811605204
1692811624423
1692811643618
1692811662797
1692811682009
1692811701209
1692811720387
1692811739598
1692811758815
1692811778014
1692811797195
1692811816352
1692811835505
1692811854663
1692811873798
1692811892968
1692811912155
1692811931297
1692811950459
1692811969633
1692811988831
1692812008039
1692812027198
1692812046384
1692812065562
1692812084746
1692812103939
1692812123119
1692812142286
1692812161493
1692812180671
1692812199866
1692812219079
1692812238274
1692812257464
1692812276659
1692812295867
1692812315072
1692812334247
1692812353415
1692812372612
1692812391813
1692812411016
1692812430203
1692812449396
1692812468592
1692812487790
1692812507000
1692812526179
1692812545363
1692812564564
1692812583756
1692812602934
1692812622140
1692812641348
1692812660520
1692812679711
1692812698899
1692812718081
1692812737277
1692812756462
1692812775652
1692812794846
1692812814048
1692812833227
1692812852429
1692812871607
1692812890812
1692812909979
1692812929151
1692812948347
1692812967564
1692812986779
1692813005961
1692813025161
1692813044361
1692813063576
1692813082792
1692813101982
1692813121188
1692813140359
1692813159539
1692813178708
1692813197894
1692813217066
1692813236240
1692813255417
1692813274585
1692813293776
1692813312951
1692813332165
1692813351361
1692813370523
1692813389704
1692813408897
1692813428080
1692813447257
1692813466430
1692813485591
1692813504773
1692813523961
1692813543125
1692813562320
1692813581505
1692813600685
1692813619891
1692813639084
1692813658265
1692813677446
1692813696637
1692813715821
1692813735001
1692813754170
1692813773368
1692813792578
1692813811770
1692813830959
1692813850128
1692813869344
1692813888524
1692813907708
1692813926897
1692813946087
1692813965275
1692813984460
1692814003665
1692814022839
1692814042030
1692814061221
1692814080396
1692814099590
1692814118774
1692814137928
1692814157108
1692814176321
1692814195506
1692814214689
1692814233873
1692814253053
1692814272222
1692814291411
1692814310585
1692814329780
1692814348974
1692814368175
1692814387372
1692814406524
1692814425733
1692814444899
1692814464066
1692814483280
1692814502445
1692814521624
1692814540807
1692814559992
1692814579166
1692814598377
1692814617592
1692814636787
1692814655974
1692814675162
1692814694352
1692814713542
1692814732738
1692814751954
1692814771173
1692814790359
1692814809539
1692814828731
1692814847951
1692814867143
1692814886314
1692814905500
1692814924711
1692814943908
1692814963078
1692814982273
1692815001454
1692815020650
1692815039847
1692815059051
1692815078244
1692815097441
1692815116647
1692815135818
1692815154986
1692815174157
1692815193352
1692815212580
1692815231775
1692815250950
1692815270132
1692815289330
1692815308538
1692815327713
1692815346902
1692815366082
1692815385277
1692815404472
1692815423667
1692815442834
1692815462042
1692815481223
1692815500401
1692815519583
1692815538780
1692815557962
1692815577167
1692815596344
1692815615539
1692815634725
1692815653935
1692815673145
1692815692336
1692815711540
1692815730711
1692815749881
1692815769059
1692815788262
1692815807420
1692815826585
1692815845808
1692815865030
1692815884178
1692815903351
1692815922512
1692815941722
1692815960921
1692815980113
1692815999307
1692816018465
1692816037609
1692816056766
1692816075955
1692816095102
1692816114305
1692816133496
1692816152652
1692816171859
1692816191061
1692816210244
1692816229449
1692816248638
1692816267804
1692816286966
1692816306127
1692816325285
1692816344411
1692816363606
1692816382784
1692816401981
1692816421120
1692816440319
1692816459469
1692816478657
1692816497830
1692816517035
1692816536202
1692816555368
1692816574511
1692816593718
1692816612917
1692816632106
1692816651285
1692816670451
1692816689648
1692816708810
1692816728012
1692816747140
1692816766324
1692816785487
1692816804641
1692816823852
1692816843037
1692816862203
1692816881406
1692816900599
1692816919771
1692816938986
1692816958178
1692816977373
1692816996564
1692817015691
1692817034844
1692817054004
1692817073160
1692817092328
1692817111472
1692817130632
1692817149824
1692817169015
1692817188158
1692817207315
1692817226485
1692817245688
1692817264865
1692817284045
1692817303201
1692817322346
1692817341449
1692817360624
1692817379803
1692817398943
1692817418132
1692817437290
1692817456491
1692817475682
1692817494872
1692817514044
1692817533186
1692817552360
1692817571518
1692817590678
1692817609817
1692817628950
1692817648093
1692817667206
1692817686370
1692817705564
1692817724693
1692817743878
1692817763035
1692817782248
1692817801440
1692817820631
1692817839796
1692817858923
1692817878072
1692817897224
1692817916401
1692817935583
1692817954695
1692817973893
1692817993068
1692818012249
1692818031454
1692818050655
1692818069832
1692818088956
1692818108103
1692818127309
1692818146495
1692818165671
1692818184849
1692818203999
1692818223185
1692818242357
1692818261524
1692818280705
1692818299891
1692818319083
1692818338282
1692818357467
1692818376626
1692818395783
1692818414953
1692818434123
1692818453292
1692818472403
1692818491560
1692818510764
1692818529907
1692818549063
1692818568192
1692818587343
1692818606465
1692818625628
1692818644837
1692818664011
1692818683211
1692818702425
1692818721575
1692818740755
1692818759881
1692818779062
1692818798207
1692818817365
1692818836495
1692818855656
1692818874817
1692818893985
1692818913211
1692818932412
1692818951600
1692818970769
1692818989956
1692819009138
1692819028346
1692819047522
1692819066736
1692819085924
1692819105104
1692819124283
1692819143460
1692819162677
1692819181917
1692819201080
1692819220266
1692819239472
1692819258653
1692819277877
1692819297062
1692819316247
1692819335436
1692819354607
1692819373805
1692819393012
1692819412193
1692819431385
1692819450561
1692819469751
1692819488949
1692819508094
1692819527256
1692819546465
1692819565601
1692819584796
1692819603987
1692819623172
1692819642380
1692819661544
1692819680718
1692819699899
1692819719081
1692819738285
1692819757470
1692819776695
1692819795872
1692819815008
1692819834160
1692819853325
1692819872481
1692819891637
1692819910822
1692819930020
1692819949225
1692819968437
1692819987638
1692820006811
1692820026016
1692820045180
1692820064338
1692820083520
1692820102707
1692820121867
1692820141020
1692820160162
1692820179368
1692820198528
1692820217685
1692820236821
1692820255986
1692820275139
1692820294315
1692820313495
1692820332688
1692820351875
1692820371048
1692820390205
1692820409389
1692820428613
1692820447818
1692820467006
1692820486188
1692820505377
1692820524537
1692820543714
1692820562934
1692820582125
1692820601283
1692820620446
1692820639663
1692820658834
1692820677999
1692820697208
1692820716404
1692820735552
1692820754709
1692820773888
