1692563348671
1692563350717
1692563352760
1692563354795
1692563356841
1692563358862
1692563360892
1692563362942
1692563364974
1692563367022
1692563369064
1692563371095
1692563373142
1692563375183
1692563377224
1692563379258
1692563381308
1692563383356
1692563385397
1692563387443
1692563389463
1692563391494
1692563393528
1692563395572
1692563397615
1692563399654
1692563401692
1692563403736
1692563405772
1692563407797
1692563409843
1692563411881
1692563413921
1692563415968
1692563418041
1692563420084
1692563422129
1692563424165
1692563426191
1692563428231
1692563430277
1692563432320
1692563434359
1692563436376
1692563438412
1692563440457
1692563442492
1692563444535
1692563446579
1692563448615
1692563450661
1692563452713
1692563454746
1692563456792
1692563458833
1692563460884
1692563462923
1692563464970
1692563467004
1692563469040
1692563471066
1692563473105
1692563475130
1692563477157
1692563479196
1692563481236
1692563483267
1692563485304
1692563487340
1692563489380
1692563491413
1692563493441
1692563495468
1692563497489
1692563499531
1692563501572
1692563503614
1692563505653
1692563507677
1692563509719
1692563511748
1692563513785
1692563515825
1692563517854
1692563519888
1692563521923
1692563523954
1692563526000
1692563528041
1692563530087
1692563532136
1692563534172
1692563536209
1692563538247
1692563540293
1692563542339
1692563544367
1692563546420
1692563548466
1692563550489
1692563552523
1692563554566
1692563556610
1692563558642
1692563560674
1692563562702
1692563564740
1692563566772
1692563568808
1692563570857
1692563572900
1692563574934
1692563576982
1692563579033
1692563581074
1692563583108
1692563585144
1692563587200
1692563589246
1692563591285
1692563593336
1692563595372
1692563597428
1692563599458
1692563601505
1692563603546
1692563605588
1692563607614
1692563609654
1692563611695
1692563613734
1692563615762
1692563617804
1692563619847
1692563621892
1692563623943
1692563625978
1692563628028
1692563630078
1692563632109
1692563634162
1692563636194
1692563638216
1692563640255
1692563642301
1692563644334
1692563646370
1692563648401
1692563650435
1692563652474
1692563654522
1692563656572
1692563658620
1692563660657
1692563662704
1692563664736
1692563666781
1692563668829
1692563670872
1692563672909
1692563674938
1692563676976
1692563679001
1692563681029
1692563683079
1692563685123
1692563687153
1692563689192
1692563691237
1692563693279
1692563695327
1692563697370
1692563699414
1692563701459
1692563703515
1692563705546
1692563707590
1692563709611
1692563711640
1692563713655
1692563715696
1692563717727
1692563719751
1692563721799
1692563723842
1692563725889
1692563727917
1692563729950
1692563731979
1692563734033
1692563736062
1692563738088
1692563740131
1692563742153
1692563744187
1692563746239
1692563748281
1692563750334
1692563752386
1692563754425
1692563756476
1692563758526
1692563760573
1692563762601
1692563764651
1692563766679
1692563768713
1692563770756
1692563772790
1692563774810
1692563776841
1692563778875
1692563780909
1692563782947
1692563784987
1692563787033
1692563789073
1692563791109
1692563793144
1692563795194
1692563797228
1692563799279
1692563801309
1692563803345
1692563805378
1692563807408
1692563809448
1692563811485
1692563813526
1692563815574
1692563817614
1692563819640
1692563821672
1692563823718
1692563825766
1692563827816
1692563829865
1692563831898
1692563833942
1692563835972
1692563838010
1692563840043
1692563842082
1692563844124
1692563846155
1692563848194
1692563850241
1692563852264
1692563854285
1692563856326
1692563858361
1692563860411
1692563862461
1692563864514
1692563866553
1692563868589
1692563870620
1692563872663
1692563874697
1692563876729
1692563878768
1692563880798
1692563882826
1692563884859
1692563886915
1692563888963
1692563890985
1692563893038
1692563895077
1692563897103
1692563899147
1692563901200
1692563903226
1692563905269
1692563907314
1692563909369
1692563911405
1692563913454
1692563915484
1692563917539
1692563919579
1692563921620
1692563923644
1692563925684
1692563927718
1692563929767
1692563931808
1692563933844
1692563935893
1692563937936
1692563939986
1692563942031
1692563944063
1692563946097
1692563948133
1692563950170
1692563952212
1692563954262
1692563956305
1692563958357
1692563960411
1692563962451
1692563964500
1692563966543
1692563968591
1692563970627
1692563972671
1692563974724
1692563976776
1692563978813
1692563980865
1692563982905
1692563984944
1692563986996
1692563989051
1692563991094
1692563993144
1692563995202
1692563997258
1692563999304
1692564001353
1692564003390
1692564005443
1692564007473
1692564009516
1692564011565
1692564013613
1692564015664
1692564017697
1692564019737
1692564021780
1692564023827
1692564025876
1692564027926
1692564029978
1692564032015
1692564034069
1692564036124
1692564038169
1692564040220
1692564042262
1692564044312
1692564046361
1692564048404
1692564050454
1692564052505
1692564054561
1692564056614
1692564058665
1692564060715
1692564062758
1692564064805
1692564066857
1692564068905
1692564070957
1692564073008
1692564075060
1692564077109
1692564079158
1692564081205
1692564083257
1692564085309
1692564087362
1692564089413
1692564091466
1692564093514
1692564095563
1692564097615
1692564099669
1692564101719
1692564103780
1692564105827
1692564107880
1692564109932
1692564111982
1692564114023
1692564116076
1692564118130
1692564120180
1692564122227
1692564124279
1692564126334
1692564128388
1692564130422
1692564132469
1692564134518
1692564136568
1692564138621
1692564140677
1692564142718
1692564144760
1692564146802
1692564148847
1692564150897
1692564152946
1692564154993
1692564157037
1692564159089
1692564161123
1692564163169
1692564165218
1692564167270
1692564169322
1692564171375
1692564173427
1692564175480
1692564177519
1692564179573
1692564181621
1692564183670
1692564185729
1692564187780
1692564189829
1692564191882
1692564193931
1692564195984
1692564198021
1692564200074
1692564202128
1692564204175
1692564206226
1692564208275
1692564210312
1692564212359
1692564214408
1692564216460
1692564218513
1692564220564
1692564222615
1692564224664
1692564226720
1692564228772
1692564230825
1692564232873
1692564234924
1692564236963
1692564239015
1692564241051
1692564243104
1692564245142
1692564247192
1692564249247
1692564251300
1692564253349
1692564255404
1692564257454
1692564259506
1692564261555
1692564263595
1692564265648
1692564267702
1692564269734
1692564271781
1692564273797
1692564275814
1692564277858
1692564279888
1692564281932
1692564283955
1692564285983
1692564288015
1692564290060
1692564292102
1692564294123
1692564296153
1692564298178
1692564300210
1692564302241
1692564304271
1692564306299
1692564308354
1692564310397
1692564312436
1692564314473
1692564316515
1692564318552
1692564320606
1692564322633
1692564324653
1692564326677
1692564328693
1692564330729
1692564332766
1692564334805
1692564336854
1692564338903
1692564340938
1692564342981
1692564345022
1692564347069
1692564349098
1692564351142
1692564353166
1692564355202
1692564357238
1692564359273
1692564361307
1692564363359
1692564365406
1692564367459
