1692661322211
1692661336588
1692661350953
1692661365317
1692661379684
1692661394053
1692661408421
1692661422798
1692661437130
1692661451468
1692661465795
1692661480129
1692661494458
1692661508763
1692661523100
1692661537420
1692661551725
1692661566043
1692661580372
1692661594696
1692661609004
1692661623357
1692661637664
1692661651977
1692661666282
1692661680636
1692661694994
1692661709352
1692661723678
1692661738006
1692661752330
1692661766661
1692661780988
1692661795303
1692661809692
1692661824074
1692661838451
1692661852844
1692661867241
1692661881621
1692661895981
1692661910339
1692661924697
1692661939115
1692661953519
1692661967910
1692661982300
1692661996692
1692662011116
1692662025512
1692662039909
1692662054296
1692662068680
1692662083064
1692662097437
1692662111798
1692662126175
1692662140552
1692662154909
1692662169234
1692662183554
1692662197861
1692662212177
1692662226485
1692662240841
1692662255209
1692662269521
1692662283839
1692662298169
1692662312508
1692662326844
1692662341210
1692662355565
1692662369925
1692662384305
1692662398608
1692662412997
1692662427406
1692662441784
1692662456151
1692662470536
1692662484878
1692662499257
1692662513619
1692662527961
1692662542271
1692662556580
1692662570920
1692662585258
1692662599609
1692662613979
1692662628343
1692662642692
1692662657030
1692662671336
1692662685657
1692662699952
1692662714290
1692662728623
1692662742941
1692662757259
1692662771583
1692662785901
1692662800224
1692662814533
1692662828865
1692662843182
1692662857526
1692662871872
1692662886213
1692662900578
1692662914931
1692662929282
1692662943598
1692662957924
1692662972263
1692662986593
1692663000913
1692663015235
1692663029553
1692663043873
1692663058187
1692663072518
1692663086819
1692663101130
1692663115466
1692663129813
1692663144180
1692663158549
1692663172909
1692663187220
1692663201561
1692663215882
1692663230215
1692663244570
1692663258915
1692663273265
1692663287607
1692663301944
1692663316308
1692663330714
1692663345089
1692663359450
1692663373848
1692663388248
1692663402661
1692663417052
1692663431443
1692663445830
1692663460208
1692663474577
1692663488968
1692663503361
1692663517741
1692663532121
1692663546484
1692663560857
1692663575217
1692663589585
1692663603947
1692663618318
1692663632691
1692663647098
1692663661538
1692663675941
1692663690348
1692663704715
1692663719092
1692663733457
1692663747832
1692663762197
1692663776573
1692663790936
1692663805296
1692663819655
1692663834003
1692663848324
1692663862707
1692663877124
1692663891513
1692663905870
1692663920208
1692663934609
1692663949026
1692663963407
1692663977785
1692663992161
1692664006537
1692664020906
1692664035267
1692664049649
1692664064042
1692664078466
1692664092849
1692664107214
1692664121584
1692664135957
1692664150347
1692664164708
1692664179094
1692664193483
1692664207871
1692664222247
1692664236607
1692664250978
1692664265349
1692664279710
1692664294073
1692664308434
1692664322805
1692664337169
1692664351538
1692664365918
1692664380280
1692664394658
1692664409007
1692664423379
1692664437762
1692664452143
1692664466529
1692664480902
1692664495279
1692664509643
1692664523981
1692664538305
1692664552608
1692664566924
1692664581228
1692664595548
1692664609883
1692664624223
1692664638521
1692664652843
1692664667156
1692664681493
1692664695858
1692664710250
1692664724626
1692664738989
1692664753322
1692664767629
1692664781937
1692664796283
1692664810617
1692664824946
1692664839326
1692664853708
1692664868085
1692664882458
1692664896862
1692664911287
1692664925697
1692664940106
1692664954480
1692664968833
1692664983218
1692664997605
1692665012003
1692665026422
1692665040827
1692665055230
1692665069623
1692665084043
1692665098459
1692665112865
1692665127295
1692665141652
1692665156028
1692665170395
1692665184774
1692665199141
1692665213503
1692665227886
1692665242251
1692665256615
1692665270990
1692665285358
1692665299728
1692665314105
1692665328479
1692665342852
1692665357250
1692665371659
1692665386077
1692665400468
1692665414847
1692665429267
1692665443673
1692665458093
1692665472459
1692665486773
1692665501101
1692665515404
1692665529756
1692665544092
1692665558430
1692665572785
1692665587130
1692665601441
1692665615768
1692665630098
1692665644434
1692665658757
1692665673063
1692665687399
1692665701712
1692665716047
1692665730367
1692665744666
1692665758995
1692665773325
1692665787668
1692665801999
1692665816317
1692665830659
1692665844981
1692665859301
1692665873622
1692665887949
1692665902256
1692665916592
1692665930928
1692665945276
1692665959658
1692665974006
1692665988339
1692666002668
1692666017019
1692666031376
1692666045768
1692666060153
1692666074532
1692666088901
1692666103265
1692666117644
1692666132084
1692666146474
1692666160872
1692666175285
1692666189634
1692666203990
1692666218347
1692666232705
1692666247068
1692666261427
1692666275787
1692666290147
1692666304519
1692666318883
1692666333264
1692666347627
1692666361999
1692666376378
1692666390738
1692666405080
1692666419435
1692666433813
1692666448183
1692666462545
1692666476909
1692666491280
1692666505659
1692666520029
1692666534390
1692666548754
1692666563120
1692666577518
1692666591924
1692666606288
1692666620618
1692666634948
1692666649279
1692666663604
1692666677934
1692666692288
1692666706621
1692666720976
1692666735330
1692666749671
1692666763996
1692666778316
1692666792644
1692666806969
1692666821267
1692666835588
1692666849909
1692666864241
1692666878547
1692666892862
1692666907196
1692666921583
1692666935970
1692666950387
1692666964804
1692666979202
1692666993632
1692667008037
1692667022432
1692667036782
1692667051144
1692667065506
1692667079872
1692667094250
1692667108629
1692667123007
1692667137421
1692667151830
1692667166227
1692667180633
1692667195046
1692667209443
1692667223849
1692667238216
1692667252582
1692667266948
1692667281306
1692667295684
1692667310111
1692667324528
1692667338923
1692667353332
1692667367742
1692667382131
1692667396568
1692667410988
1692667425385
1692667439740
1692667454106
1692667468472
1692667482842
1692667497206
1692667511552
1692667525889
1692667540261
1692667554621
1692667568922
1692667583238
1692667597560
1692667611891
1692667626232
1692667640543
1692667654852
1692667669142
1692667683477
1692667697835
1692667712161
1692667726499
1692667740822
1692667755142
1692667769471
1692667783795
1692667798106
1692667812428
1692667826803
1692667841161
1692667855519
1692667869890
1692667884271
1692667898639
1692667913012
1692667927384
1692667941749
1692667956119
1692667970493
1692667984864
1692667999223
1692668013610
1692668028019
1692668042414
1692668056801
1692668071173
1692668085541
1692668099904
1692668114266
1692668128638
1692668143009
1692668157419
1692668171770
1692668186120
1692668200502
1692668214857
1692668229209
1692668243608
1692668258039
1692668272435
1692668286810
1692668301183
1692668315560
1692668329951
1692668344338
1692668358685
1692668373048
1692668387419
1692668401758
1692668416086
1692668430395
1692668444731
1692668459040
1692668473379
1692668487713
