1692535946792
1692535948821
1692535950851
1692535952888
1692535954935
1692535956982
1692535958991
1692535961015
1692535963041
1692535965054
1692535967068
1692535969087
1692535971118
1692535973143
1692535975168
1692535977206
1692535979222
1692535981240
1692535983260
1692535985269
1692535987295
1692535989313
1692535991326
1692535993353
1692535995371
1692535997396
1692535999417
1692536001437
1692536003453
1692536005467
1692536007474
1692536009491
1692536011508
1692536013530
1692536015549
1692536017572
1692536019593
1692536021609
1692536023623
1692536025650
1692536027681
1692536029706
1692536031735
1692536033753
1692536035763
1692536037785
1692536039800
1692536041828
1692536043851
1692536045866
1692536047888
1692536049906
1692536051927
1692536053949
1692536055965
1692536057984
1692536060003
1692536062038
1692536064063
1692536066083
1692536068101
1692536070114
1692536072127
1692536074150
1692536076175
1692536078191
1692536080212
1692536082235
1692536084253
1692536086266
1692536088280
1692536090313
1692536092328
1692536094346
1692536096363
1692536098383
1692536100415
1692536102444
1692536104461
1692536106481
1692536108500
1692536110516
1692536112533
1692536114554
1692536116579
1692536118598
1692536120618
1692536122646
1692536124661
1692536126673
1692536128705
1692536130720
1692536132738
1692536134757
1692536136787
1692536138820
1692536140852
1692536142867
1692536144888
1692536146906
1692536148918
1692536150950
1692536152967
1692536154978
1692536156991
1692536159011
1692536161033
1692536163092
1692536165128
1692536167148
1692536169163
1692536171187
1692536173210
1692536175224
1692536177257
1692536179287
1692536181333
1692536183382
1692536185409
1692536187444
1692536189466
1692536191506
1692536193536
1692536195558
1692536197582
1692536199621
1692536201657
1692536203677
1692536205696
1692536207718
1692536209744
1692536211766
1692536213813
1692536215835
1692536217879
1692536219911
1692536221934
1692536223940
1692536225973
1692536227999
1692536230031
1692536232061
1692536234084
1692536236105
1692536238127
1692536240144
1692536242162
1692536244210
1692536246245
1692536248282
1692536250308
1692536252329
1692536254367
1692536256383
1692536258405
1692536260430
1692536262444
1692536264473
1692536266489
1692536268523
1692536270551
1692536272565
1692536274583
1692536276622
1692536278649
1692536280671
1692536282683
1692536284699
1692536286729
1692536288752
1692536290769
1692536292782
1692536294800
1692536296813
1692536298840
1692536300876
1692536302917
1692536304939
1692536306977
1692536309026
1692536311048
1692536313065
1692536315085
1692536317118
1692536319140
1692536321157
1692536323189
1692536325209
1692536327240
1692536329262
1692536331280
1692536333292
1692536335302
1692536337323
1692536339357
1692536341369
1692536343388
1692536345403
1692536347414
1692536349453
1692536351474
1692536353493
1692536355508
1692536357523
1692536359541
1692536361556
1692536363588
1692536365608
1692536367655
1692536369682
1692536371705
1692536373730
1692536375759
1692536377776
1692536379796
1692536381822
1692536383846
1692536385868
1692536387906
1692536389938
1692536391953
1692536393979
1692536395994
1692536398010
1692536400029
1692536402042
1692536404070
1692536406091
1692536408111
1692536410128
1692536412165
1692536414225
1692536416234
1692536418267
1692536420302
1692536422325
1692536424347
1692536426368
1692536428385
1692536430413
1692536432451
1692536434475
1692536436503
1692536438533
1692536440547
1692536442556
1692536444578
1692536446602
1692536448626
1692536450647
1692536452668
1692536454683
1692536456707
1692536458729
1692536460754
1692536462777
1692536464803
1692536466827
1692536468846
1692536470872
1692536472888
1692536474911
1692536476937
1692536478968
1692536480988
1692536483007
1692536485020
1692536487045
1692536489077
1692536491104
1692536493131
1692536495166
1692536497181
1692536499204
1692536501225
1692536503244
1692536505274
1692536507297
1692536509319
1692536511340
1692536513349
1692536515366
1692536517397
1692536519423
1692536521443
1692536523473
1692536525491
1692536527529
1692536529556
1692536531595
1692536533614
1692536535639
1692536537666
1692536539696
1692536541730
1692536543755
1692536545775
1692536547790
1692536549828
1692536551850
1692536553873
1692536555890
1692536557912
1692536559929
1692536561945
1692536563959
1692536565979
1692536567994
1692536570019
1692536572035
1692536574048
1692536576076
1692536578091
1692536580108
1692536582126
1692536584153
1692536586182
1692536588209
1692536590256
1692536592275
1692536594296
1692536596315
1692536598333
1692536600352
1692536602366
1692536604379
1692536606404
1692536608417
1692536610451
1692536612474
1692536614515
1692536616533
1692536618549
1692536620565
1692536622584
1692536624597
1692536626622
1692536628644
1692536630660
1692536632686
1692536634707
1692536636728
1692536638751
1692536640772
1692536642794
1692536644806
1692536646823
1692536648849
1692536650874
1692536652888
1692536654921
1692536656959
1692536658979
1692536661002
1692536663014
1692536665042
1692536667065
1692536669085
1692536671115
1692536673166
1692536675183
1692536677204
1692536679225
1692536681247
1692536683268
1692536685294
1692536687307
1692536689334
1692536691364
1692536693372
1692536695391
1692536697408
1692536699422
1692536701437
1692536703457
1692536705480
1692536707497
1692536709527
1692536711545
1692536713559
1692536715572
1692536717606
1692536719626
1692536721646
1692536723664
1692536725689
1692536727710
1692536729729
1692536731750
1692536733763
1692536735777
1692536737790
1692536739818
1692536741836
1692536743857
1692536745875
1692536747901
1692536749923
1692536751944
1692536753970
1692536755993
1692536758009
1692536760035
1692536762063
1692536764077
1692536766116
1692536768130
1692536770146
1692536772167
1692536774182
1692536776209
1692536778237
1692536780280
1692536782305
1692536784318
1692536786334
1692536788366
1692536790388
1692536792413
1692536794439
1692536796471
1692536798501
1692536800519
1692536802539
1692536804557
1692536806579
1692536808603
1692536810630
1692536812650
1692536814668
1692536816689
1692536818704
1692536820727
1692536822746
1692536824769
1692536826796
1692536828821
1692536830846
1692536832869
1692536834886
1692536836911
1692536838930
1692536840951
1692536842973
1692536844994
1692536847015
1692536849035
1692536851057
1692536853075
1692536855099
1692536857125
1692536859150
1692536861166
1692536863187
1692536865209
1692536867225
1692536869244
1692536871276
1692536873300
1692536875318
1692536877339
1692536879364
1692536881396
1692536883414
1692536885431
1692536887441
1692536889461
1692536891478
1692536893498
1692536895523
1692536897550
1692536899575
1692536901596
1692536903617
1692536905643
1692536907666
1692536909696
1692536911717
1692536913734
1692536915754
1692536917772
1692536919807
1692536921838
1692536923860
1692536925881
1692536927899
1692536929922
1692536931951
1692536933977
1692536935992
1692536938034
1692536940055
1692536942084
1692536944103
1692536946127
1692536948141
1692536950166
1692536952196
1692536954216
1692536956235
1692536958257
1692536960272
1692536962290
1692536964308
1692536966325
1692536968349
1692536970373
1692536972392
1692536974420
1692536976439
1692536978460
1692536980481
1692536982503
1692536984526
1692536986545
1692536988555
1692536990588
1692536992623
1692536994641
1692536996666
1692536998689
1692537000710
1692537002730
1692537004755
1692537006771
1692537008790
1692537010807
1692537012830
1692537014851
1692537016872
1692537018893
1692537020913
1692537022938
1692537024963
1692537026982
1692537029007
1692537031035
1692537033053
1692537035071
1692537037094
1692537039125
1692537041147
1692537043178
1692537045197
1692537047220
1692537049257
1692537051276
1692537053303
1692537055324
1692537057338
1692537059361
1692537061393
1692537063413
1692537065432
1692537067457
1692537069477
1692537071495
1692537073511
1692537075529
1692537077553
1692537079584
1692537081601
1692537083625
1692537085646
1692537087680
1692537089699
1692537091721
1692537093743
1692537095775
1692537097795
1692537099818
1692537101841
1692537103862
1692537105875
1692537107890
1692537109905
1692537111916
1692537113943
1692537115961
1692537117981
1692537120003
1692537122037
1692537124053
1692537126071
1692537128084
1692537130111
1692537132147
1692537134161
1692537136187
1692537138206
1692537140218
1692537142258
1692537144266
1692537146283
1692537148296
1692537150322
1692537152349
1692537154377
1692537156403
1692537158429
1692537160447
1692537162476
1692537164494
1692537166509
1692537168536
1692537170549
1692537172570
1692537174608
1692537176629
1692537178643
1692537180667
1692537182682
1692537184705
1692537186726
1692537188763
1692537190795
1692537192814
1692537194835
1692537196862
1692537198876
1692537200920
1692537202960
1692537204979
1692537206999
1692537209012
1692537211041
1692537213059
1692537215099
1692537217130
1692537219160
1692537221177
1692537223196
1692537225213
1692537227243
1692537229260
1692537231295
1692537233315
1692537235336
1692537237359
1692537239378
1692537241400
1692537243416
1692537245435
1692537247451
1692537249463
1692537251483
1692537253510
1692537255538
1692537257574
1692537259601
1692537261618
1692537263664
1692537265695
1692537267721
1692537269737
1692537271748
1692537273765
1692537275798
1692537277813
1692537279855
1692537281871
1692537283904
1692537285931
1692537287951
1692537289977
1692537291994
1692537294022
1692537296038
1692537298056
1692537300070
1692537302096
1692537304136
1692537306162
1692537308190
1692537310209
1692537312239
1692537314262
1692537316283
1692537318307
1692537320331
1692537322354
1692537324366
1692537326384
1692537328404
1692537330424
1692537332446
1692537334470
1692537336497
1692537338517
1692537340550
1692537342562
1692537344609
1692537346639
1692537348657
1692537350671
1692537352688
1692537354719
1692537356766
1692537358789
1692537360811
1692537362840
1692537364857
1692537366872
1692537368886
1692537370909
1692537372935
1692537374949
1692537376965
1692537378982
1692537380999
1692537383008
1692537385025
1692537387050
1692537389062
1692537391072
1692537393102
1692537395121
1692537397146
1692537399163
1692537401171
1692537403194
1692537405209
1692537407225
1692537409254
1692537411282
1692537413300
1692537415337
1692537417354
1692537419381
1692537421396
1692537423410
1692537425450
1692537427472
1692537429485
1692537431505
1692537433539
1692537435572
1692537437591
1692537439615
1692537441640
1692537443661
1692537445686
1692537447707
1692537449731
1692537451752
1692537453771
1692537455797
1692537457836
1692537459857
1692537461882
1692537463908
1692537465942
1692537467964
1692537469974
1692537471998
1692537474029
1692537476055
1692537478095
1692537480109
1692537482131
1692537484160
1692537486173
1692537488199
1692537490219
1692537492251
1692537494273
1692537496288
1692537498314
1692537500340
1692537502359
1692537504373
1692537506380
1692537508408
1692537510430
1692537512452
1692537514497
1692537516520
1692537518536
1692537520559
1692537522582
1692537524608
1692537526623
1692537528637
1692537530656
1692537532688
1692537534717
1692537536744
1692537538790
1692537540805
1692537542825
1692537544842
1692537546860
1692537548871
1692537550894
1692537552924
1692537554945
1692537556956
1692537558976
1692537561004
1692537563035
1692537565052
1692537567071
1692537569093
1692537571109
1692537573139
1692537575167
1692537577192
1692537579213
1692537581228
1692537583248
1692537585272
1692537587287
1692537589306
1692537591333
1692537593355
1692537595390
1692537597406
1692537599415
1692537601428
1692537603440
1692537605458
1692537607493
1692537609521
1692537611554
1692537613567
1692537615582
1692537617600
1692537619625
1692537621641
1692537623663
1692537625678
1692537627708
1692537629735
1692537631766
1692537633778
1692537635810
1692537637826
1692537639847
1692537641869
1692537643881
1692537645909
1692537647925
1692537649938
1692537651956
1692537653971
1692537655999
1692537658017
1692537660039
1692537662066
1692537664110
1692537666137
1692537668168
1692537670197
1692537672223
1692537674256
1692537676269
1692537678282
1692537680305
1692537682323
1692537684347
1692537686381
1692537688405
1692537690421
1692537692468
1692537694482
1692537696495
1692537698510
1692537700529
1692537702545
1692537704556
1692537706573
1692537708594
1692537710614
1692537712635
1692537714657
1692537716677
1692537718714
1692537720731
1692537722753
1692537724773
1692537726812
1692537728835
1692537730857
1692537732876
1692537734888
1692537736920
1692537738940
1692537740954
1692537742982
1692537744997
1692537747015
1692537749032
1692537751090
1692537753103
1692537755118
1692537757142
1692537759160
1692537761179
1692537763199
1692537765230
1692537767249
1692537769276
1692537771306
1692537773337
1692537775350
1692537777367
1692537779388
1692537781409
1692537783429
1692537785448
1692537787469
1692537789480
1692537791497
1692537793511
1692537795528
1692537797561
1692537799598
1692537801624
1692537803639
1692537805656
1692537807685
1692537809715
1692537811732
1692537813741
1692537815755
1692537817776
1692537819819
1692537821844
1692537823867
1692537825888
1692537827905
1692537829929
1692537831961
1692537833983
1692537836001
1692537838016
1692537840047
1692537842070
1692537844091
1692537846114
1692537848133
1692537850147
1692537852167
1692537854188
1692537856213
1692537858227
1692537860247
1692537862272
1692537864292
1692537866315
1692537868362
1692537870383
1692537872408
1692537874428
1692537876450
1692537878467
1692537880483
1692537882507
1692537884526
1692537886539
1692537888554
1692537890573
1692537892609
1692537894624
1692537896643
1692537898668
1692537900683
1692537902701
1692537904721
1692537906748
1692537908793
1692537910810
1692537912823
1692537914874
1692537916891
1692537918910
1692537920923
1692537922958
1692537924987
1692537927038
1692537929069
1692537931108
1692537933132
1692537935148
1692537937180
1692537939205
1692537941225
1692537943243
1692537945267
1692537947288
1692537949309
1692537951331
1692537953349
1692537955369
1692537957393
1692537959416
1692537961441
1692537963468
1692537965488
1692537967518
