1692697500585
1692697519766
1692697538978
1692697558181
1692697577364
1692697596550
1692697615738
1692697634910
1692697654059
1692697673219
1692697692402
1692697711542
1692697730725
1692697749889
1692697769057
1692697788226
1692697807405
1692697826581
1692697845747
1692697864947
1692697884151
1692697903354
1692697922528
1692697941704
1692697960876
1692697980075
1692697999290
1692698018496
1692698037694
1692698056937
1692698076109
1692698095324
1692698114531
1692698133742
1692698152967
1692698172210
1692698191423
1692698210635
1692698229785
1692698248947
1692698268121
1692698287314
1692698306484
1692698325660
1692698344828
1692698364023
1692698383186
1692698402383
1692698421555
1692698440716
1692698459853
1692698479020
1692698498199
1692698517344
1692698536522
1692698555686
1692698574870
1692698594049
1692698613218
1692698632368
1692698651535
1692698670691
1692698689849
1692698709003
1692698728167
1692698747341
1692698766496
1692698785680
1692698804844
1692698824040
1692698843254
1692698862472
1692698881618
1692698900798
1692698919995
1692698939171
1692698958364
1692698977542
1692698996750
1692699015952
1692699035137
1692699054325
1692699073528
1692699092731
1692699111930
1692699131121
1692699150325
1692699169484
1692699188686
1692699207894
1692699227087
1692699246306
1692699265513
1692699284699
1692699303920
1692699323142
1692699342310
1692699361524
1692699380737
1692699399950
1692699419162
1692699438359
1692699457573
1692699476742
1692699495940
1692699515153
1692699534358
1692699553560
1692699572778
1692699591952
1692699611170
1692699630378
1692699649573
1692699668749
1692699687908
1692699707078
1692699726234
1692699745373
1692699764560
1692699783777
1692699802967
1692699822183
1692699841402
1692699860605
1692699879813
1692699899011
1692699918212
1692699937409
1692699956604
1692699975793
1692699994984
1692700014185
1692700033358
1692700052575
1692700071765
1692700090965
1692700110181
1692700129370
1692700148577
1692700167769
1692700186979
1692700206200
1692700225384
1692700244593
1692700263761
1692700282966
1692700302168
1692700321388
1692700340620
1692700359830
1692700379030
1692700398193
1692700417374
1692700436575
1692700455725
1692700474902
1692700494066
1692700513223
1692700532397
1692700551571
1692700570736
1692700589944
1692700609102
1692700628247
1692700647437
1692700666632
1692700685813
1692700704976
1692700724141
1692700743290
1692700762457
1692700781661
1692700800844
1692700820065
1692700839250
1692700858447
1692700877685
1692700896887
1692700916062
1692700935249
1692700954453
1692700973682
1692700992900
1692701012091
1692701031289
1692701050483
1692701069703
1692701088927
1692701108133
1692701127357
1692701146529
1692701165765
1692701184955
1692701204171
1692701223398
1692701242604
1692701261792
1692701280998
1692701300202
1692701319406
1692701338606
1692701357813
1692701377028
1692701396223
1692701415437
1692701434655
1692701453869
1692701473092
1692701492246
1692701511394
1692701530542
1692701549680
1692701568837
1692701588019
1692701607182
1692701626344
1692701645515
1692701664701
1692701683895
1692701703084
1692701722249
1692701741450
1692701760638
1692701779828
1692701799015
1692701818194
1692701837350
1692701856507
1692701875689
1692701894884
1692701914082
1692701933273
1692701952443
1692701971627
1692701990823
1692702010033
1692702029232
1692702048398
1692702067562
1692702086774
1692702105977
1692702125171
1692702144381
1692702163594
1692702182780
1692702202006
1692702221211
1692702240406
1692702259654
1692702278843
1692702298021
1692702317193
1692702336389
1692702355592
1692702374809
1692702394015
1692702413208
1692702432400
1692702451597
1692702470811
1692702490033
1692702509221
1692702528412
1692702547606
1692702566811
1692702585999
1692702605187
1692702624370
1692702643560
1692702662753
1692702681916
1692702701082
1692702720285
1692702739454
1692702758624
1692702777779
1692702796967
1692702816109
1692702835284
1692702854473
1692702873643
1692702892811
1692702911968
1692702931152
1692702950304
1692702969482
1692702988660
1692703007827
1692703027013
1692703046192
1692703065373
1692703084510
1692703103686
1692703122858
1692703142068
1692703161295
1692703180466
1692703199635
1692703218794
1692703237975
1692703257171
1692703276340
1692703295493
1692703314676
1692703333822
1692703352999
1692703372167
1692703391351
1692703410522
1692703429691
1692703448874
1692703468037
1692703487212
1692703506387
1692703525576
1692703544757
1692703563932
1692703583099
1692703602304
1692703621482
1692703640661
1692703659838
1692703679001
1692703698199
1692703717410
1692703736622
1692703755824
1692703775034
1692703794229
1692703813422
1692703832605
1692703851810
1692703871003
1692703890136
1692703909310
1692703928504
1692703947705
1692703966900
1692703986092
1692704005312
1692704024526
1692704043739
1692704062939
1692704082156
1692704101364
1692704120587
1692704139792
1692704158973
1692704178200
1692704197378
1692704216555
1692704235675
1692704254838
1692704274062
1692704293225
1692704312404
1692704331599
1692704350774
1692704369927
1692704389098
1692704408268
1692704427452
1692704446645
1692704465812
1692704485022
1692704504205
1692704523413
1692704542565
1692704561693
1692704580892
1692704600095
1692704619291
1692704638483
1692704657613
1692704676782
1692704695950
1692704715143
1692704734344
1692704753546
1692704772672
1692704791848
1692704811005
1692704830200
1692704849395
1692704868536
1692704887738
1692704906936
1692704926142
1692704945359
1692704964514
1692704983708
1692705002885
1692705022081
1692705041281
1692705060482
1692705079656
1692705098838
1692705117999
1692705137172
1692705156331
1692705175565
1692705194762
1692705213957
1692705233124
1692705252331
1692705271515
1692705290699
1692705309848
1692705329016
1692705348178
1692705367354
1692705386542
1692705405745
1692705424928
1692705444139
1692705463345
1692705482544
1692705501736
1692705520967
1692705540140
1692705559344
1692705578591
1692705597806
1692705617012
1692705636220
1692705655415
1692705674592
1692705693724
1692705712888
1692705732097
1692705751298
1692705770481
1692705789665
1692705808884
1692705828086
1692705847275
1692705866494
1692705885664
1692705904832
1692705924042
1692705943229
1692705962421
1692705981622
1692706000795
1692706019977
1692706039152
1692706058317
1692706077486
1692706096664
1692706115858
1692706135056
1692706154270
1692706173485
1692706192682
1692706211870
1692706231079
1692706250273
1692706269472
1692706288694
1692706307904
1692706327129
1692706346349
1692706365569
1692706384770
1692706403955
1692706423157
1692706442363
1692706461547
1692706480742
1692706499941
1692706519148
1692706538350
1692706557550
1692706576732
1692706595932
1692706615121
1692706634309
1692706653516
1692706672716
1692706691909
1692706711123
1692706730327
1692706749533
1692706768747
1692706787953
1692706807140
1692706826321
1692706845482
1692706864656
1692706883819
1692706902990
1692706922162
1692706941325
1692706960526
1692706979737
1692706998907
1692707018068
1692707037233
1692707056435
1692707075634
