1692539932596
1692539936626
1692539940655
1692539944696
1692539948730
1692539952747
1692539956770
1692539960810
1692539964833
1692539968850
1692539972884
1692539976921
1692539980944
1692539984975
1692539989023
1692539993041
1692539997071
1692540001107
1692540005134
1692540009156
1692540013185
1692540017204
1692540021244
1692540025283
1692540029322
1692540033365
1692540037400
1692540041424
1692540045463
1692540049496
1692540053539
1692540057573
1692540061607
1692540065630
1692540069665
1692540073701
1692540077723
1692540081772
1692540085793
1692540089822
1692540093844
1692540097881
1692540101919
1692540105958
1692540109977
1692540114010
1692540118034
1692540122061
1692540126099
1692540130119
1692540134148
1692540138190
1692540142215
1692540146229
1692540150242
1692540154262
1692540158299
1692540162320
1692540166334
1692540170353
1692540174375
1692540178398
1692540182443
1692540186480
1692540190509
1692540194540
1692540198558
1692540202601
1692540206649
1692540210688
1692540214723
1692540218754
1692540222788
1692540226848
1692540230869
1692540234900
1692540238944
1692540242971
1692540247001
1692540251048
1692540255073
1692540259105
1692540263135
1692540267176
1692540271223
1692540275254
1692540279274
1692540283318
1692540287343
1692540291377
1692540295416
1692540299461
1692540303503
1692540307544
1692540311589
1692540315627
1692540319678
1692540323729
1692540327782
1692540331823
1692540335873
1692540339916
1692540343955
1692540348001
1692540352050
1692540356101
1692540360147
1692540364194
1692540368224
1692540372274
1692540376320
1692540380354
1692540384403
1692540388446
1692540392485
1692540396531
1692540400571
1692540404612
1692540408657
1692540412707
1692540416754
1692540420796
1692540424835
1692540428884
1692540432917
1692540436960
1692540441003
1692540445048
1692540449089
1692540453147
1692540457201
1692540461241
1692540465291
1692540469343
1692540473385
1692540477434
1692540481485
1692540485527
1692540489581
1692540493623
1692540497664
1692540501716
1692540505756
1692540509795
1692540513834
1692540517875
1692540521927
1692540525966
1692540529999
1692540534048
1692540538094
1692540542136
1692540546180
1692540550225
1692540554268
1692540558315
1692540562362
1692540566409
1692540570443
1692540574490
1692540578536
1692540582582
1692540586630
1692540590684
1692540594724
1692540598774
1692540602822
1692540606862
1692540610892
1692540614919
1692540618953
1692540622994
1692540627041
1692540631073
1692540635104
1692540639115
1692540643150
1692540647180
1692540651202
1692540655220
1692540659254
1692540663282
1692540667318
1692540671351
1692540675388
1692540679413
1692540683459
1692540687474
1692540691528
1692540695567
1692540699600
1692540703630
1692540707666
1692540711683
1692540715706
1692540719737
1692540723760
1692540727802
1692540731837
1692540735868
1692540739896
1692540743917
1692540747941
1692540751961
1692540756005
1692540760036
1692540764084
1692540768107
1692540772136
1692540776161
1692540780201
1692540784240
1692540788262
1692540792305
1692540796340
1692540800366
1692540804382
1692540808410
1692540812432
1692540816471
1692540820506
1692540824529
1692540828538
1692540832556
1692540836579
1692540840612
1692540844633
1692540848689
1692540852735
1692540856784
1692540860826
1692540864874
1692540868912
1692540872949
1692540876998
1692540881042
1692540885082
1692540889120
1692540893166
1692540897209
1692540901235
1692540905287
1692540909331
1692540913368
1692540917412
1692540921456
1692540925493
1692540929530
1692540933578
1692540937619
1692540941664
1692540945699
1692540949738
1692540953791
1692540957832
1692540961875
1692540965914
1692540969949
1692540973990
1692540978041
1692540982086
1692540986132
1692540990178
1692540994226
1692540998278
1692541002313
1692541006351
1692541010399
1692541014436
1692541018492
1692541022538
1692541026577
1692541030626
1692541034668
1692541038710
1692541042757
1692541046804
1692541050847
1692541054894
1692541058940
1692541062983
1692541067033
1692541071062
1692541075101
1692541079150
1692541083192
1692541087242
1692541091288
1692541095334
1692541099382
1692541103426
1692541107468
1692541111500
1692541115537
1692541119579
1692541123623
1692541127676
1692541131723
1692541135770
1692541139818
1692541143860
1692541147909
1692541151952
1692541155992
1692541160040
1692541164085
1692541168134
1692541172178
1692541176226
1692541180271
1692541184320
1692541188357
1692541192406
1692541196451
1692541200484
1692541204515
1692541208539
1692541212579
1692541216619
1692541220658
1692541224703
1692541228744
1692541232794
1692541236832
1692541240868
1692541244915
1692541248954
1692541252990
1692541257031
1692541261058
1692541265095
1692541269144
1692541273187
1692541277232
1692541281279
1692541285327
1692541289366
1692541293410
1692541297460
1692541301507
1692541305554
1692541309596
1692541313637
1692541317689
1692541321725
1692541325774
1692541329819
1692541333874
1692541337922
1692541341964
1692541346005
1692541350056
1692541354097
1692541358134
1692541362187
1692541366223
1692541370265
1692541374310
1692541378351
1692541382399
1692541386442
1692541390486
1692541394523
1692541398563
1692541402597
1692541406639
1692541410679
1692541414732
1692541418769
1692541422802
1692541426838
1692541430885
1692541434925
1692541438968
1692541443004
1692541447017
1692541451036
1692541455069
1692541459115
1692541463141
1692541467176
1692541471206
1692541475222
1692541479247
1692541483284
1692541487310
1692541491339
1692541495369
1692541499390
1692541503416
1692541507449
1692541511496
1692541515519
1692541519565
1692541523601
1692541527625
1692541531646
1692541535667
1692541539712
1692541543752
1692541547792
1692541551836
1692541555874
1692541559912
1692541563955
1692541568001
1692541572040
1692541576085
1692541580135
1692541584189
1692541588234
1692541592275
1692541596322
1692541600362
1692541604410
1692541608448
1692541612493
1692541616543
1692541620579
1692541624626
1692541628658
1692541632706
1692541636746
1692541640784
1692541644825
1692541648864
1692541652911
1692541656953
1692541660999
1692541665038
1692541669079
1692541673123
1692541677167
1692541681218
1692541685255
1692541689303
1692541693340
1692541697385
1692541701423
1692541705472
1692541709519
1692541713566
1692541717612
1692541721653
1692541725695
1692541729736
1692541733787
1692541737825
1692541741873
1692541745925
1692541749970
1692541754008
1692541758062
1692541762113
1692541766151
1692541770192
1692541774241
1692541778293
1692541782342
1692541786379
1692541790428
1692541794471
1692541798524
1692541802568
1692541806622
1692541810664
1692541814713
1692541818752
1692541822797
1692541826846
1692541830888
1692541834937
1692541838982
1692541843033
1692541847080
1692541851121
1692541855168
1692541859222
1692541863262
1692541867320
1692541871359
1692541875410
1692541879455
1692541883495
1692541887536
1692541891581
1692541895625
1692541899659
1692541903704
1692541907759
1692541911804
1692541915832
1692541919878
1692541923922
1692541927967
1692541932010
1692541936047
1692541940093
1692541944144
1692541948191
1692541952240
1692541956292
1692541960330
1692541964368
1692541968421
1692541972470
1692541976508
1692541980562
1692541984587
1692541988623
1692541992654
1692541996693
1692542000721
1692542004759
1692542008798
1692542012835
1692542016881
1692542020926
1692542024959
1692542029009
1692542033037
1692542037069
1692542041115
1692542045163
1692542049207
1692542053250
1692542057289
1692542061326
1692542065368
1692542069407
1692542073462
1692542077506
1692542081542
1692542085583
1692542089632
1692542093671
1692542097713
1692542101751
1692542105782
1692542109822
1692542113857
1692542117887
1692542121910
1692542125942
1692542129983
1692542133998
1692542138035
1692542142055
1692542146100
1692542150129
1692542154160
1692542158183
1692542162224
1692542166242
1692542170268
1692542174303
1692542178340
1692542182363
1692542186411
1692542190448
1692542194463
1692542198498
1692542202532
1692542206585
1692542210618
1692542214645
1692542218664
1692542222681
1692542226738
1692542230771
1692542234793
1692542238823
1692542242869
1692542246912
1692542250949
1692542254960
1692542258992
1692542263013
1692542267043
1692542271080
1692542275093
1692542279123
1692542283145
1692542287172
1692542291212
1692542295245
1692542299272
1692542303283
1692542307291
1692542311313
1692542315325
1692542319351
1692542323386
1692542327419
1692542331433
1692542335475
1692542339505
1692542343536
1692542347557
1692542351591
1692542355610
1692542359633
1692542363676
1692542367699
1692542371730
1692542375777
1692542379809
1692542383835
1692542387859
1692542391897
1692542395926
1692542399947
1692542403973
1692542408001
1692542412033
1692542416066
1692542420097
1692542424430
1692542428151
1692542432180
1692543608540
1692543612567
1692543616601
1692543620646
1692543624677
1692543628705
1692543632748
1692543636795
1692543640828
1692543644868
1692543648897
1692543652940
1692543656970
1692543661009
1692543665064
1692543669113
1692543673145
1692543677183
1692543681213
1692543685250
1692543689290
1692543693319
1692543697346
1692543701378
1692543705406
1692543709429
1692543713462
1692543717493
1692543721528
1692543725560
1692543729573
1692543733616
1692543737645
1692543741689
1692543745741
1692543749769
1692543753809
1692543757850
1692543761882
1692543765921
1692543769970
1692543774011
1692543778068
1692543782104
1692543786148
1692543790188
1692543794234
1692543798268
1692543802293
1692543806326
1692543810350
1692543814385
1692543818404
1692543822448
1692543826486
1692543830533
1692543834577
1692543838617
1692543842658
1692543846701
1692543850734
1692543854767
1692543858800
1692543862844
1692543866896
1692543870929
1692543874955
1692543878981
1692543883024
1692543887054
1692543891170
1692543895199
1692543899427
1692543903525
1692543907536
1692543911564
1692543915584
1692543919603
1692543923620
1692543927637
1692543931661
1692543935674
1692543939725
1692543943748
1692543947767
1692543951809
1692543955852
1692543959870
1692543963901
1692543967929
1692543971951
1692543975976
1692543980007
1692543984037
1692543988068
1692543992103
1692543996121
1692544000144
1692544004172
1692544008214
1692544012242
1692544016257
1692544020294
1692544024313
1692544028332
1692544032359
1692544036379
1692544040406
1692544044445
1692544048467
1692544052504
1692544056526
1692544060543
1692544064562
1692544068601
1692544072631
1692544076683
1692544080711
1692544084741
1692544088774
1692544092798
1692544096832
1692544100856
1692544104886
1692544108905
1692544112930
1692544116952
1692544120975
1692544125006
1692544129032
1692544133072
1692544137127
1692544141173
1692544145217
1692544149256
1692544153309
1692544157361
1692544161411
1692544165458
1692544169492
1692544173527
1692544177568
1692544181601
1692544185648
1692544189688
1692544193721
1692544197769
1692544201812
1692544205849
1692544209885
1692544213908
1692544217942
1692544221976
1692544225993
1692544230021
1692544234046
1692544238066
1692544242082
1692544246101
1692544250122
1692544254144
1692544258168
1692544262205
1692544266236
1692544270274
1692544274305
1692544278320
1692544282344
1692544286371
1692544290397
1692544294428
1692544298460
1692544302496
1692544306524
1692544310559
1692544314583
1692544318618
1692544322651
1692544326674
1692544330696
1692544334736
1692544338777
1692544342810
1692544346854
1692544350890
1692544354930
1692544358966
1692544363006
1692544367047
1692544371079
1692544375111
1692544379160
1692544383194
1692544387240
1692544391278
1692544395306
1692544399342
1692544403371
1692544407407
1692544411448
1692544415486
1692544419523
1692544423559
1692544427603
1692544431627
1692544435681
1692544439722
1692544443753
1692544447792
1692544451830
1692544455878
1692544459926
1692544463959
1692544467999
1692544472030
1692544476068
1692544480102
1692544484143
1692544488186
1692544492231
1692544496271
1692544500310
1692544504345
1692544508384
1692544512409
1692544516454
1692544520498
1692544524546
1692544528584
1692544532626
1692544536662
1692544540713
1692544544747
1692544548791
1692544552819
1692544556861
1692544560896
1692544564931
1692544568976
1692544573006
1692544577041
1692544581087
1692544585124
1692544589167
1692544593204
1692544597246
1692544601280
1692544605318
1692544609362
1692544613400
1692544617442
1692544621488
1692544625536
1692544629578
1692544633623
1692544637669
1692544641711
1692544645755
1692544649794
1692544653829
1692544657872
1692544661914
1692544665963
1692544670006
1692544674044
1692544678074
1692544682123
1692544686164
1692544690211
1692544694255
1692544698297
1692544702340
1692544706384
1692544710422
1692544714453
1692544718500
1692544722548
1692544726588
1692544730608
1692544734656
1692544738693
1692544742728
1692544746776
1692544750820
1692544754861
1692544758900
1692544762944
1692544766992
1692544771037
1692544775078
1692544779125
1692544783168
1692544787205
1692544791245
1692544795290
1692544799342
1692544803387
1692544807434
1692544811473
1692544815498
1692544819530
1692544823567
1692544827610
1692544831651
1692544835684
1692544839726
1692544843774
1692544847813
1692544851857
1692544855904
1692544859940
1692544863973
1692544868010
1692544872041
1692544876074
1692544880119
1692544884158
1692544888189
1692544892227
1692544896265
1692544900312
1692544904353
1692544908379
1692544912418
1692544916454
1692544920488
1692544924530
1692544928574
1692544932614
1692544936654
1692544940682
1692544944720
1692544948757
1692544952808
1692544956845
1692544960890
1692544964930
1692544968974
1692544973014
1692544977046
1692544981094
1692544985140
1692544989187
1692544993231
1692544997269
1692545001304
1692545005345
1692545009390
1692545013431
1692545017479
1692545021519
1692545025557
1692545029596
1692545033635
1692545037682
1692545041719
1692545045766
1692545049803
1692545053842
1692545057870
1692545061910
1692545065948
1692545069988
1692545074027
1692545078068
1692545082104
1692545086145
1692545090182
1692545094204
1692545098235
1692545102258
1692545106295
1692545110331
1692545114363
1692545118399
1692545122436
1692545126467
1692545130512
1692545134555
1692545138598
