1692565817405
1692565821983
1692565826566
1692565831169
1692565835722
1692565840320
1692565844937
1692565849528
1692565854108
1692565858691
1692565863290
1692565867880
1692565872443
1692565877043
1692565881595
1692567898815
1692567907904
1692567916989
1692567926063
1692567935132
1692567944229
1692567953312
1692567962403
1692567971493
1692567980577
1692567989645
1692567998708
1692568007804
1692568016888
1692568025969
1692568035023
1692568044102
1692568053199
1692568062291
1692568071380
1692568080468
1692568089568
1692568098659
1692568107753
1692568116835
1692568125955
1692568135048
1692568144163
1692568153255
1692568162316
1692568171410
1692568180485
1692568189568
1692568198661
1692568207738
1692568216826
1692568225920
1692568235004
1692568244068
1692568253157
1692568262265
1692568271372
1692568280453
1692568289538
1692568298621
1692568307705
1692568316800
1692568325878
1692568334951
1692568344029
1692568353116
1692568362201
1692568371297
1692568380385
1692568389475
1692568398554
1692568407654
1692568416744
1692568425830
1692568434886
1692568443980
1692568453055
1692568462127
1692568471217
1692568480296
1692568489369
1692568498471
1692568507570
1692568516676
1692568525786
1692568534887
1692568544011
1692568553111
1692568562181
1692568571256
1692568580352
1692568589458
1692568598553
1692568607634
1692568616701
1692568625772
1692568634844
1692568643912
1692568652981
1692568662072
1692568671142
1692568680220
1692568689300
1692568698392
1692568707468
1692568716563
1692568725658
1692568734730
1692568743831
1692568752919
1692568761986
1692568771095
1692568780187
1692568789283
1692568798387
1692568807469
1692568816577
1692568825667
1692568834763
1692568843848
1692568852936
1692568862019
1692568871110
1692568880205
1692568889299
1692568898395
1692568907474
1692568916581
1692568925631
1692568934708
1692568943786
1692568952875
1692568961966
1692568971055
1692568980123
1692568989230
1692568998328
1692569007419
1692569016513
1692569025613
1692569034696
1692569043784
1692569052866
1692569061969
1692569071051
1692569080145
1692569089239
1692569098325
1692569107420
1692569116516
1692569125624
1692569134723
1692569143828
1692569152918
1692569162007
1692569171098
1692569180172
1692569189261
1692569198364
1692569207457
1692569216556
1692569225643
1692569234749
1692569243842
1692569252940
1692569262029
1692569271109
1692569280222
1692569289311
1692569298388
1692569307488
1692569316573
1692569325665
1692569334754
1692569343841
1692569352929
1692569362019
1692569371116
1692569380203
1692569389295
1692569398369
1692569407462
1692569416548
1692569425637
1692569434737
1692569443824
1692569452907
1692569462005
1692569471077
1692569480161
1692569489250
1692569498351
1692569507436
1692569516519
1692569525607
1692569534691
1692569543774
1692569552863
1692569561958
1692569571047
1692569580134
1692569589221
1692569598293
1692569607384
1692569616470
1692569625552
1692569634639
1692569643696
1692569652775
1692569661859
1692569670956
1692569680038
1692569689121
1692569698208
1692569707284
1692569716389
1692569725481
1692569734570
1692569743659
1692569752753
1692569761843
1692569770927
1692569780015
1692569789111
1692569798187
1692569807285
1692569816377
1692569825456
1692569834549
1692569843641
1692569852718
1692569861808
1692569870892
1692569879960
1692569889051
1692569898130
1692569907225
1692569916302
1692569925380
1692569934470
1692569943573
1692569952659
1692569961751
1692569970845
1692569979924
1692569989016
1692569998091
1692570007186
1692570016284
1692570025372
1692570034449
1692570043535
1692570052632
1692570061710
1692570070786
1692570079860
1692570088941
1692570098027
1692570107112
1692570116197
1692570125275
1692570134358
1692570143428
1692570152507
1692570161596
1692570170680
1692570179748
1692570188839
1692570197928
1692570207012
1692570216097
1692570225167
1692570234228
1692570243289
1692570252360
1692570261433
1692570270493
1692570279569
1692570288653
1692570297736
1692570306811
1692570315884
1692570324987
1692570334069
1692570343173
1692570352280
1692570361373
1692570370471
1692570379581
1692570388653
1692570397767
1692570406862
1692570415968
1692570425066
1692570434175
1692570443277
1692570452351
1692570461444
1692570470529
1692570479606
1692570488683
1692570497761
1692570506846
1692570515926
1692570525012
1692570534095
1692570543180
1692570552281
1692570561385
1692570570474
1692570579559
1692570588654
1692570597733
1692570606825
1692570615905
1692570624990
1692570634048
1692570643129
1692570652199
1692570661279
1692570670367
1692570679455
1692570688548
1692570697654
1692570706765
1692570715847
1692570724948
1692570734031
1692570743104
1692570752174
1692570761265
1692570770359
1692570779450
1692570788539
1692570797632
1692570806728
1692570815814
1692570824903
1692570833974
1692570843057
1692570852149
1692570861225
1692570870305
1692570879386
1692570888488
1692570897578
1692570906668
1692570915744
1692570924828
1692570933896
1692570942979
1692570952072
1692570961145
1692570970182
1692570979251
1692570988338
1692570997430
1692571006517
1692571015608
1692571024697
1692571033783
1692571042859
1692571051953
1692571061046
1692571070160
1692571079250
1692571088359
1692571097459
1692571106570
1692571115658
1692571124755
1692571133826
1692571142908
1692571152003
1692571161084
1692571170155
1692571179247
1692571188336
1692571197438
1692571206528
1692571215606
1692571224689
1692571233770
1692571242855
1692571251972
1692571261053
1692571270130
1692571279237
1692571288332
1692571297396
1692571306497
1692571315578
1692571324676
1692571333787
1692571342874
1692571351958
1692571361069
1692571370165
1692571379257
1692571388341
1692571397436
1692571406561
1692571415674
1692571424765
1692571433870
1692571442949
1692571452030
1692571461129
1692571470227
1692571479329
1692571488439
1692571497524
1692571506622
1692571515717
1692571524845
1692571533941
1692571543035
1692571552129
1692571561208
1692571570316
1692571579395
1692571588482
1692571597560
1692571606632
1692571615725
1692571624807
1692571633885
1692571642979
1692571652060
1692571661144
1692571670233
1692571679326
1692571688403
1692571697490
1692571706595
1692571715699
1692571724813
1692571733908
1692571742979
1692571752076
1692571761161
1692571770252
1692571779361
1692571788440
1692571797547
1692571806613
1692571815727
1692571824799
1692571833885
1692571842965
1692571852050
1692571861123
1692571870196
1692571879268
1692571888343
1692571897435
1692571906543
1692571915640
1692571924705
1692571933813
1692571942907
1692571951997
1692571961093
1692571970180
1692571979270
1692571988364
1692571997462
1692572006541
1692572015638
1692572024748
1692572033827
1692572042919
1692572052007
1692572061105
1692572070214
1692572079334
1692572088425
1692572097527
1692572106613
1692572115708
1692572124787
1692572133882
1692572142967
1692572152036
1692572161146
1692572170233
1692572179316
1692572188421
1692572197507
1692572206596
1692572215660
1692572224725
1692572233806
1692572242898
1692572251974
1692572261058
1692572270145
1692572279224
1692572288312
1692572297396
1692572306501
1692572315600
1692572324701
1692572333801
1692572342910
1692572351998
1692572361091
1692572370177
1692572379250
1692572388331
1692572397420
1692572406511
1692572415594
1692572424662
1692572433716
