1692560711633
1692560713684
1692560715735
1692560717780
1692560719825
1692560721878
1692560723924
1692560725953
1692560728001
1692560730034
1692560732055
1692560734103
1692560736138
1692560738169
1692560740220
1692560742266
1692560744291
1692560746333
1692560748378
1692560750429
1692560752467
1692560754494
1692560756523
1692560758560
1692560760598
1692560762632
1692560764663
1692560766687
1692560768729
1692560770776
1692560772804
1692560774844
1692560776888
1692560778922
1692560780963
1692560782996
1692560785048
1692560787081
1692560789125
1692560791159
1692560793207
1692560795242
1692560797273
1692560799294
1692560801348
1692560803383
1692560805419
1692560807450
1692560809496
1692560811542
1692560813581
1692560815636
1692560817670
1692560819700
1692560821742
1692560823762
1692560825806
1692560827852
1692560829891
1692560831932
1692560833975
1692560836007
1692560838039
1692560840079
1692560842121
1692560844177
1692560846216
1692560848248
1692560850282
1692560852315
1692560854349
1692560856387
1692560858426
1692560860472
1692560862523
1692560864566
1692560866600
1692560868640
1692560870678
1692560872712
1692560874746
1692560876793
1692560878844
1692560880874
1692560882913
1692560884960
1692560887002
1692560889033
1692560891082
1692560893132
1692560895170
1692560897217
1692560899241
1692560901273
1692560903321
1692560905356
1692560907409
1692560909449
1692560911489
1692560913538
1692560915560
1692560917611
1692560919652
1692560921690
1692560923731
1692560925774
1692560927822
1692560929851
1692560931890
1692560933929
1692560935980
1692560938025
1692560940050
1692560942101
1692560944133
1692560946166
1692560948206
1692560950256
1692560952295
1692560954343
1692560956397
1692560958444
1692560960496
1692560962533
1692560964581
1692560966615
1692560968665
1692560970719
1692560972766
1692560974800
1692560976824
1692560978867
1692560980911
1692560982954
1692560984997
1692560987014
1692560989055
1692560991100
1692560993139
1692560995185
1692560997237
1692560999267
1692561001314
1692561003349
1692561005399
1692561007432
1692561009483
1692561011528
1692561013558
1692561015609
1692561017659
1692561019707
1692561021744
1692561023771
1692561025808
1692561027857
1692561029904
1692561031936
1692561033985
1692561036038
1692561038073
1692561040114
1692561042168
1692561044224
1692561046271
1692561048308
1692561050354
1692561052403
1692561054438
1692561056489
1692561058539
1692561060586
1692561062635
1692561064669
1692561066717
1692561068748
1692561070787
1692561072837
1692561074885
1692561076930
1692561078962
1692561080985
1692561083030
1692561085079
1692561087107
1692561089147
1692561091194
1692561093243
1692561095292
1692561097343
1692561099386
1692561101436
1692561103484
1692561105521
1692561107571
1692561109621
1692561111678
1692561113713
1692561115748
1692561117785
1692561119837
1692561121889
1692561123919
1692561125946
1692561127967
1692561130001
1692561132027
1692561134061
1692561136111
1692561138143
1692561140170
1692561142209
1692561144254
1692561146294
1692561148337
1692561150379
1692561152414
1692561154456
1692561156510
1692561158562
1692561160618
1692561162671
1692561164728
1692561166780
1692561168832
1692561170887
1692561172935
1692561174966
1692561177023
1692561179072
1692561181124
1692561183174
1692561185231
1692561187273
1692561189326
1692561191374
1692561193421
1692561195470
1692561197520
1692561199571
1692561201622
1692561203673
1692561205725
1692561207779
1692561209826
1692561211884
1692561213918
1692561215975
1692561218021
1692561220075
1692561222129
1692561224180
1692561226218
1692561228273
1692561230324
1692561232373
1692561234429
1692561236482
1692561238536
1692561240590
1692561242644
1692561244696
1692561246745
1692561248795
1692561250844
1692561252896
1692561254948
1692561256994
1692561259039
1692561261091
1692561263139
1692561265191
1692561267244
1692561269291
1692561271343
1692561273397
1692561275447
1692561277494
1692561279545
1692561281603
1692561283657
1692561285710
1692561287763
1692561289817
1692561291871
1692561293923
1692561295980
1692561298038
1692561300074
1692561302133
1692561304184
1692561306245
1692561308297
1692561310350
1692561312404
1692561314463
1692561316515
1692561318556
1692561320610
1692561322665
1692561324714
1692561326757
1692561328809
1692561330862
1692561332911
1692561334947
1692561336992
1692561339043
1692561341097
1692561343149
1692561345203
1692561347257
1692561349308
1692561351353
1692561353406
1692561355456
1692561357513
1692561359567
1692561361622
1692561363667
1692561365717
1692561367773
1692561369823
1692561371875
1692561373926
1692561375963
1692561378013
1692561380069
1692561382122
1692561384165
1692561386195
1692561388240
1692561390290
1692561392342
1692561394375
1692561396426
1692561398472
1692561400512
1692561402560
1692561404594
1692561406626
1692561408680
1692561410728
1692561412758
1692561414794
1692561416827
1692561418851
1692561420873
1692561422909
1692561424937
1692561426985
1692561429018
1692561431049
1692561433084
1692561435119
1692561437170
1692561439216
1692561441253
1692561443301
1692561445348
1692561447382
1692561449409
1692561451455
1692561453490
1692561455528
1692561457558
1692561459591
1692561461625
1692561463673
1692561465723
1692561467763
1692561469793
1692561471836
1692561473872
1692561475917
1692561477950
1692561479985
1692561482032
1692561484085
1692561486107
1692561488150
1692561490204
1692561492237
1692561494271
1692561496318
1692561498359
1692561500391
1692561502417
1692561504452
1692561506495
1692561508542
1692561510579
1692561512623
1692561514653
1692561516692
1692561518735
1692561520768
1692561522795
1692561524839
1692561526882
1692561528902
1692561530941
1692561532983
1692561535027
1692561537071
1692561539116
1692561541155
1692561543186
1692561545224
1692561547251
1692561549279
1692561551325
1692561553367
1692561555421
1692561557464
1692561559493
1692561561525
1692561563551
1692561565583
1692561567632
1692561569671
1692561571707
1692561573757
1692561575801
1692561577855
1692561579895
1692561581930
1692561583960
1692561586014
1692561588052
1692561590076
1692561592113
1692561594153
1692561596201
1692561598242
1692561600277
1692561602313
1692561604361
1692561606402
1692561608440
1692561610493
1692561612547
1692561614593
1692561616636
1692561618672
1692561620717
1692561622774
1692561624810
1692561626864
1692561628901
1692561630940
1692561632994
1692561635029
1692561637060
1692561639094
1692561641127
1692561643174
1692561645205
1692561647257
1692561649304
1692561651339
1692561653381
1692561655423
1692561657465
1692561659516
1692561661549
1692561663586
1692561665633
1692561667658
1692561669695
1692561671732
1692561673784
1692561675833
1692561677884
1692561679933
1692561681962
1692561684009
1692561686041
1692561688091
1692561690134
1692561692183
1692561694224
1692561696267
1692561698320
1692561700364
1692561702401
1692561704455
1692561706509
1692561708540
1692561710591
1692561712630
1692561714679
1692561716716
1692561718741
1692561720789
1692561722816
1692561724866
1692561726915
1692561728950
1692561730983
