1692668717167
1692668736328
1692668755523
1692668774719
1692668793867
1692668813001
1692668832178
1692668851359
1692668870537
1692668889667
1692668908803
1692668927969
1692668947111
1692668966276
1692668985472
1692669004621
1692669023728
1692669042859
1692669061988
1692669081202
1692669100408
1692669119605
1692669138753
1692669157914
1692669177048
1692669196191
1692669215434
1692669234636
1692669253815
1692669272977
1692669292133
1692669311339
1692669330527
1692669349718
1692669368893
1692669388107
1692669407293
1692669426424
1692669445547
1692669464713
1692669483845
1692669502963
1692669522131
1692669541248
1692669560379
1692669579526
1692669598665
1692669617794
1692669636913
1692669656050
1692669675188
1692669694320
1692669713473
1692669732586
1692669751758
1692669770953
1692669790113
1692669809275
1692669828462
1692669847625
1692669866729
1692669885855
1692669904992
1692669924133
1692669943254
1692669962386
1692669981494
1692670000646
1692670019790
1692670038938
1692670058130
1692670077331
1692670096522
1692670115640
1692670134765
1692670153902
1692670173019
1692670192156
1692670211331
1692670230496
1692670249615
1692670268717
1692670287905
1692670307096
1692670326284
1692670345487
1692670364680
1692670383895
1692670403077
1692670422265
1692670441441
1692670460629
1692670479817
1692670499019
1692670518238
1692670537417
1692670556608
1692670575793
1692670594975
1692670614171
1692670633379
1692670652580
1692670671769
1692670690989
1692670710185
1692670729332
1692670748452
1692670767655
1692670786850
1692670806048
1692670825241
1692670844449
1692670863636
1692670882826
1692670901953
1692670921115
1692670940246
1692670959412
1692670978548
1692670997676
1692671016794
1692671035920
1692671055065
1692671074260
1692671093401
1692671112544
1692671131664
1692671150800
1692671170002
1692671189225
1692671208425
1692671227566
1692671246685
1692671265824
1692671284949
1692671304133
1692671323299
1692671342495
1692671361642
1692671380777
1692671399930
1692671419098
1692671438273
1692671457441
1692671476638
1692671495842
1692671515038
1692671534255
1692671553453
1692671572658
1692671591878
1692671611068
1692671630263
1692671649449
1692671668644
1692671687856
1692671707062
1692671726267
1692671745488
1692671764725
1692671783902
1692671803089
1692671822287
1692671841478
1692671860667
1692671879862
1692671899041
1692671918271
1692671937508
1692671956674
1692671975865
1692671995062
1692672014245
1692672033398
1692672052519
1692672071698
1692672090806
1692672109944
1692672129072
1692672148194
1692672167319
1692672186460
1692672205596
1692672224726
1692672243855
1692672263022
1692672282148
1692672301277
1692672320424
1692672339566
1692672358689
1692672377835
1692672396990
1692672416115
1692672435252
1692672454410
1692672473578
1692672492708
1692672511832
1692672530950
1692672550098
1692672569217
1692672588341
1692672607467
1692672626602
1692672645751
1692672664932
1692672684122
1692672703304
1692672722459
1692672741593
1692672760722
1692672779880
1692672799022
1692672818152
1692672837275
1692672856439
1692672875593
1692672894705
1692672913826
1692672932985
1692672952174
1692672971379
1692672990560
1692673009682
1692673028834
1692673047972
1692673067103
1692673086232
1692673105365
1692673124509
1692673143637
1692673162767
1692673181926
1692673201057
1692673220219
1692673239408
1692673258585
1692673277802
1692673297009
1692673316223
1692673335434
1692673354623
1692673373817
1692673393030
1692673412237
1692673431464
1692673450653
1692673469849
1692673489027
1692673508225
1692673527403
1692673546603
1692673565778
1692673584996
1692673604191
1692673623378
1692673642584
1692673661794
1692673680975
1692673700163
1692673719361
1692673738550
1692673757753
1692673776941
1692673796139
1692673815303
1692673834463
1692673853642
1692673872822
1692673891975
1692673911122
1692673930259
1692673949395
1692673968516
1692673987636
1692674006736
1692674025855
1692674044945
1692674064101
1692674083227
1692674102352
1692674121521
1692674140712
1692674159879
1692674179083
1692674198242
1692674217403
1692674236552
1692674255660
1692674274839
1692674293978
1692674313192
1692674332377
1692674351574
1692674370690
1692674389818
1692674408940
1692674428106
1692674447286
1692674466476
1692674485630
1692674504781
1692674523917
1692674543043
1692674562185
1692674581425
1692674600644
1692674619828
1692674639002
1692674658203
1692674677391
1692674696591
1692674715793
1692674734968
1692674754138
1692674773316
1692674792505
1692674811683
1692674830874
1692674850052
1692674869246
1692674888441
1692674907635
1692674926821
1692674946015
1692674965231
1692674984408
1692675003587
1692675022723
1692675041935
1692675061142
1692675080328
1692675099507
1692675118700
1692675137872
1692675157087
1692675176209
1692675195354
1692675214526
1692675233733
1692675252948
1692675272143
1692675291286
1692675310446
1692675329588
1692675348732
1692675367905
1692675387069
1692675406210
1692675425322
1692675444438
1692675463577
1692675482705
1692675501827
1692675520948
1692675540102
1692675559254
1692675578471
1692675597623
1692675616745
1692675635863
1692675654983
1692675674124
1692675693297
1692675712479
1692675731663
1692675750847
1692675769989
1692675789160
1692675808349
1692675827530
1692675846754
1692675865943
1692675885114
1692675904257
1692675923438
1692675942656
1692675961855
1692675981038
1692676000198
1692676019356
1692676038578
1692676057758
1692676076967
1692676096130
1692676115294
1692676134507
1692676153707
1692676172918
1692676192088
1692676211284
1692676230458
1692676249654
1692676268865
1692676288012
1692676307139
1692676326292
1692676345419
1692676364528
1692676383636
1692676402753
1692676421891
1692676441014
1692676460140
1692676479263
1692676498394
1692676517584
1692676536697
1692676555813
1692676574965
1692676594096
1692676613220
1692676632339
1692676651488
1692676670619
1692676689762
1692676708921
1692676728050
1692676747181
1692676766297
1692676785434
1692676804572
1692676823756
1692676842962
1692676862175
1692676881401
1692676900603
1692676919778
1692676938981
1692676958189
1692676977382
1692676996575
1692677015748
1692677034927
1692677054100
1692677073284
1692677092467
1692677111655
1692677130871
1692677150071
1692677169242
1692677188411
1692677207613
1692677226784
1692677246014
1692677265218
1692677284405
1692677303583
1692677322780
1692677341999
1692677361212
1692677380374
1692677399566
1692677418745
1692677437911
1692677457070
1692677476243
1692677495378
1692677514496
1692677533630
1692677552746
1692677571901
1692677591117
1692677610316
1692677629439
1692677648635
1692677667840
1692677687044
1692677706253
1692677725383
1692677744560
1692677763760
1692677782952
1692677802140
1692677821337
1692677840509
1692677859714
1692677878926
1692677898121
1692677917295
1692677936499
1692677955697
1692677974905
1692677994107
1692678013313
1692678032520
1692678051688
1692678070899
1692678090092
1692678109316
1692678128526
1692678147704
1692678166902
1692678186106
1692678205283
1692678224459
1692678243655
1692678262847
1692678282041
