1692560711654
1692560713704
1692560715742
1692560717783
1692560719829
1692560721886
1692560723937
1692560725961
1692560728016
1692560730046
1692560732060
1692560734118
1692560736147
1692560738175
1692560740230
1692560742283
1692560744297
1692560746341
1692560748386
1692560750447
1692560752473
1692560754499
1692560756527
1692560758579
1692560760608
1692560762640
1692560764670
1692560766691
1692560768736
1692560770783
1692560772812
1692560774861
1692560776896
1692560778929
1692560780978
1692560783000
1692560785066
1692560787097
1692560789134
1692560791176
1692560793216
1692560795249
1692560797291
1692560799309
1692560801356
1692560803391
1692560805427
1692560807454
1692560809511
1692560811548
1692560813585
1692560815654
1692560817674
1692560819704
1692560821750
1692560823766
1692560825814
1692560827870
1692560829895
1692560831940
1692560833979
1692560836015
1692560838133
1692560840087
1692560842125
1692560844194
1692560846229
1692560848264
1692560850290
1692560852323
1692560854366
1692560856399
1692560858430
1692560860480
1692560862620
1692560864573
1692560866607
1692560868646
1692560870685
1692560872722
1692560874754
1692560876801
1692560878850
1692560880881
1692560882928
1692560884967
1692560887006
1692560889047
1692560891090
1692560893151
1692560895177
1692560897225
1692560899249
1692560901281
1692560903329
1692560905360
1692560907416
1692560909453
1692560911496
1692560913546
1692560915566
1692560917617
1692560919656
1692560921695
1692560923739
1692560925780
1692560927837
1692560929859
1692560931895
1692560933933
1692560935994
1692560938043
1692560940055
1692560942106
1692560944151
1692560946174
1692560948213
1692560950275
1692560952389
1692560954358
1692560956404
1692560958452
1692560960504
1692560962537
1692560964589
1692560966623
1692560968673
1692560970728
1692560972784
1692560974808
1692560976832
1692560978871
1692560980919
1692560982962
1692560985003
1692560987018
1692560989063
1692560991103
1692560993143
1692560995189
1692560997244
1692560999283
1692561001322
1692561003357
1692561005416
1692561007440
1692561009491
1692561011536
1692561013567
1692561015626
1692561017671
1692561019713
1692561021754
1692561023778
1692561025816
1692561027875
1692561029912
1692561031943
1692561033993
1692561036046
1692561038077
1692561040122
1692561042175
1692561044231
1692561046279
1692561048314
1692561050358
1692561052501
1692561054455
1692561056498
1692561058547
1692561060599
1692561062652
1692561064677
1692561066725
1692561068752
1692561070794
1692561072853
1692561074894
1692561076938
1692561078966
1692561080990
1692561083038
1692561085083
1692561087115
1692561089155
1692561091208
1692561093247
1692561095300
1692561097351
1692561099393
1692561101444
1692561103491
1692561105529
1692561107579
1692561109629
1692561111686
1692561113721
1692561115757
1692561117802
1692561119845
1692561121897
1692561123927
1692561125951
1692561127975
1692561130010
1692561132035
1692561134069
1692561136120
1692561138242
1692561140186
1692561142216
1692561144262
1692561146301
1692561148345
1692561150387
1692561152419
1692561154464
1692561156514
1692561158566
1692561160622
1692561162675
1692561164731
1692561166783
1692561168836
1692561170891
1692561172939
1692561174970
1692561177027
1692561179076
1692561181128
1692561183178
1692561185235
1692561187276
1692561189330
1692561191378
1692561193425
1692561195474
1692561197524
1692561199574
1692561201626
1692561203677
1692561205729
1692561207783
1692561209830
1692561211976
1692561213922
1692561215979
1692561218026
1692561220079
1692561222133
1692561224183
1692561226227
1692561228278
1692561230330
1692561232376
1692561234433
1692561236487
1692561238540
1692561240597
1692561242647
1692561244700
1692561246748
1692561248800
1692561250848
1692561252900
1692561254952
1692561256998
1692561259043
1692561261096
1692561263143
1692561265195
1692561267249
1692561269295
1692561271347
1692561273402
1692561275541
1692561277498
1692561279549
1692561281607
1692561283749
1692561285714
1692561287767
1692561289821
1692561291875
1692561294003
1692561295984
1692561298042
1692561300078
1692561302138
1692561304188
1692561306249
1692561308301
1692561310353
1692561312407
1692561314467
1692561316521
1692561318559
1692561320614
1692561322669
1692561324718
1692561326850
1692561328812
1692561330866
1692561332915
1692561334951
1692561336995
1692561339046
1692561341104
1692561343153
1692561345207
1692561347260
1692561349313
1692561351359
1692561353410
1692561355549
1692561357608
1692561359571
1692561361629
1692561363673
1692561365722
1692561367778
1692561369827
1692561371880
1692561373931
1692561375966
1692561378017
1692561380072
1692561382129
1692561384172
1692561386198
1692561388249
1692561390298
1692561392346
1692561394393
1692561396431
1692561398478
1692561400520
1692561402569
1692561404602
1692561406637
1692561408688
1692561410736
1692561412765
1692561414802
1692561416830
1692561418949
1692561420879
1692561422927
1692561425033
1692561426993
1692561429035
1692561431064
1692561433092
1692561435132
1692561437176
1692561439220
1692561441351
1692561443308
1692561445359
1692561447389
1692561449417
1692561451463
1692561453493
1692561455535
1692561457566
1692561459603
1692561461640
1692561463681
1692561465730
1692561467772
1692561469801
1692561471840
1692561473885
1692561475934
1692561477954
1692561479989
1692561482035
1692561484088
1692561486111
1692561488158
1692561490221
1692561492245
1692561494362
1692561496325
1692561498367
1692561500394
1692561502424
1692561504460
1692561506502
1692561508550
1692561510679
1692561512627
1692561514660
1692561516700
1692561518742
1692561520776
1692561522800
1692561524847
1692561526889
1692561528913
1692561530949
1692561533001
1692561535035
1692561537090
1692561539124
1692561541164
1692561543199
1692561545232
1692561547259
1692561549287
1692561551423
1692561553375
1692561555436
1692561557472
1692561559497
1692561561529
1692561563559
1692561565587
1692561567728
1692561569678
1692561571716
1692561573765
1692561575809
1692561577863
1692561579903
1692561581938
1692561583967
1692561586031
1692561588060
1692561590084
1692561592121
1692561594160
1692561596208
1692561598246
1692561600284
1692561602318
1692561604368
1692561606406
1692561608448
1692561610507
1692561612555
1692561614598
1692561616645
1692561618676
1692561620721
1692561622778
1692561624815
1692561626880
1692561628998
1692561630958
1692561633012
1692561635037
1692561637064
1692561639111
1692561641131
1692561643177
1692561645210
1692561647265
1692561649312
1692561651353
1692561653388
1692561655431
1692561657472
1692561659531
1692561661556
1692561663590
1692561665641
1692561667664
1692561669702
1692561671740
1692561673792
1692561675844
1692561677892
1692561679941
1692561681971
1692561684016
1692561686059
1692561688098
1692561690142
1692561692196
1692561694231
1692561696279
1692561698323
1692561700373
1692561702405
1692561704463
1692561706519
1692561708544
1692561710598
1692561712638
1692561714697
1692561716724
1692561718757
1692561720802
1692561722824
1692561724883
1692561726930
1692561728967
1692561730991
