1692576561597
1692576575799
1692576589839
1692576603989
1692576618126
1692576632286
1692576646406
1692576660504
1692576674575
1692576688680
1692576702846
1692576716868
1692576730970
1692576745218
1692576759164
1692576773288
1692576787386
1692576801474
1692576815550
1692576829671
1692576843800
1692576858074
1692576872065
1692576886221
1692576900477
1692576914603
1692576928700
1692576942791
1692576956913
1692576971053
1692576985164
1692576999378
1692577013324
1692577027517
1692577041567
1692577055695
1692577069853
1692577084096
1692577098313
1692577112290
1692577126478
1692577140517
1692577154645
1692577168891
1692577183038
1692577197192
1692577211331
1692577225490
1692577239710
1692577253672
1692577267969
1692577281957
1692577296098
1692577310199
1692577324301
1692577338391
1692577352482
1692577366542
1692577380670
1692577394842
1692577409010
1692577422937
1692577437047
1692577451158
1692577465243
1692577479346
1692577493528
1692577507668
1692577521691
1692577535781
1692577549961
1692577563977
1692577578074
1692577592171
1692577606307
1692577620429
1692577634529
1692577648608
1692577662812
1692577676821
1692577690993
1692577705106
1692577719142
1692577733288
1692577747408
1692577761527
1692577775720
1692577789809
1692577803816
1692577818028
1692577832232
1692577846299
1692577860443
1692577874503
1692577888623
1692577902868
1692577916943
1692577931087
1692577945272
1692577959394
1692577973693
1692577987677
1692578001891
1692578015931
1692578030070
1692578044282
1692578058344
1692578072654
1692578086720
1692578100876
1692578115006
1692578129082
1692578143240
1692578157393
1692578171610
1692578185734
1692578199809
1692578214023
1692578228247
1692578242241
1692578256388
1692578270629
1692578284707
1692578298903
1692578312970
1692578327117
1692578341260
1692578355568
1692578369568
1692578383796
1692578397865
1692578412007
1692578426146
1692578440240
1692578454335
1692578468428
1692578482523
1692578496607
1692578510775
1692578524806
1692578538872
1692578553079
1692578567178
1692578581176
1692578595334
1692578609354
1692578623466
1692578637618
1692578651789
1692578666024
1692578680074
1692578694159
1692578708275
1692578722388
1692578736542
1692578750633
1692578764703
1692578778790
1692578793047
1692578806973
1692578821070
1692578835220
1692578849549
1692578863502
1692578877612
1692578891731
1692578905855
1692578920100
1692578934334
1692578948285
1692578962371
1692578976460
1692578990556
1692579004669
1692579018889
1692579032956
1692579047119
1692579061451
1692579075584
1692579089736
1692579103736
1692579118063
1692579132050
1692579146145
1692579160223
1692579174320
1692579188439
1692579202546
1692579216683
1692579230837
1692579244993
1692579259144
1692579273244
1692579287400
1692579301538
1692579315713
1692579329833
1692579343938
1692579358086
1692579372324
1692579386472
1692579400505
1692579414711
1692579428716
1692579442818
1692579457029
1692579471052
1692579485137
1692579499412
1692579513374
1692579527494
1692579541658
1692579555688
1692579569776
1692579583959
1692579598138
1692579612088
1692579626315
1692579640447
1692579654576
1692579668651
1692579682786
1692579696909
1692579711048
1692579725189
1692579739423
1692579753487
1692579767644
1692579781798
1692579795964
1692579810116
1692579824332
1692579838468
1692579852543
1692579866693
1692579880906
1692579894938
1692579909069
1692579923263
1692579937377
1692579951504
1692579965570
1692579979783
1692579993849
1692580008007
1692580022220
1692580036315
1692580050624
1692580064612
1692580078783
1692580092906
1692580107118
1692580121165
1692580135301
1692580149524
1692580163695
1692580177733
1692580191882
1692580206121
1692580220178
1692580234400
1692580248435
1692580262634
1692580276650
1692580290746
1692580304842
1692580319011
1692580333095
1692580347196
1692580361336
1692580375455
1692580389694
1692580403726
1692580417828
1692580431923
1692580446033
1692580460109
1692580474227
1692580488339
1692580502528
1692580516545
1692580530633
1692580544730
1692580558826
1692580572925
1692580587017
1692580601200
1692580615200
1692580629307
1692580643402
1692580657504
1692580671587
1692580685668
1692580699758
1692580713938
1692580727935
1692580742047
1692580756288
1692580770210
1692580784313
1692580798402
1692580812497
1692580826672
1692580840687
1692580854780
1692580868921
1692580883056
1692580897263
1692580911300
1692580925498
1692580939507
1692580953604
1692580967726
1692580981999
1692580995921
1692581010094
1692581024090
1692581038186
1692581052349
1692581066368
1692581080457
1692581094561
1692581108856
1692581122825
1692581136974
1692581151128
1692581165350
1692581179374
1692581193608
1692581207666
1692581221812
1692581235908
1692581250184
1692581264135
1692581278251
1692581292348
1692581306437
1692581320532
1692581334716
1692581348822
1692581362833
1692581376942
1692581391026
1692581405222
1692581419345
1692581433514
1692581447570
1692581461708
1692581475939
1692581489975
1692581504145
1692581518372
1692581532540
1692581546632
1692581560849
1692581574910
1692581589041
1692581603191
1692581617441
1692581631494
1692581645633
1692581659772
1692581673911
1692581688011
1692581702141
1692581716360
1692581730498
1692581744660
1692581758704
1692581773000
1692581787083
1692581801148
1692581815282
1692581829515
1692581843581
1692581857720
1692581871864
1692581886006
1692581900215
1692581914298
1692581928529
1692581942579
1692581956880
1692581970916
1692581985009
1692581999134
1692582013272
1692582027359
1692582041467
1692582055654
1692582069686
1692582083891
1692582098111
1692582112184
1692582126241
1692582140399
1692582154523
1692582168759
1692582182957
1692582196961
1692582211201
1692582225426
1692582239473
1692582253628
1692582267696
1692582281839
1692582296159
1692582310144
1692582324348
1692582338513
1692582352596
1692582366774
1692582380886
1692582395010
1692582409152
1692582423378
1692582437443
1692582451585
1692582465738
1692582479972
1692582494038
1692582508248
1692582522408
1692582536527
1692582550661
1692582564799
1692582578863
1692582593019
1692582607173
1692582621326
1692582635460
1692582649678
1692582663736
1692582677847
1692582691953
1692582706036
1692582720126
1692582734444
1692582748471
1692582762569
1692582776571
1692582790762
1692582804811
1692582818991
1692582833002
1692582847107
1692582861304
1692582875303
1692582889584
1692582903496
1692582917569
1692582931671
1692582945772
1692582959887
1692582974019
1692582988153
1692583002273
1692583016430
1692583030584
1692583044737
1692583058959
1692583072982
1692583087089
1692583101411
1692583115389
1692583129477
1692583143569
1692583157657
1692583171741
1692583185847
1692583199969
1692583214067
1692583228209
1692583242343
1692583256483
1692583270643
1692583284788
1692583298941
1692583313159
1692583327218
1692583341349
1692583355492
1692583369640
1692583383877
1692583397943
1692583412131
1692583426360
1692583440398
1692583454564
1692583468789
1692583482740
1692583496953
1692583511098
1692583525167
1692583539401
1692583553453
1692583567597
1692583581739
1692583595964
1692583610112
1692583624265
1692583638407
1692583652462
1692583666702
1692583680770
1692583695001
1692583709046
1692583723252
1692583737459
1692583751530
1692583765687
1692583779829
1692583793901
1692583808094
1692583822181
1692583836222
1692583850514
1692583864535
1692583878667
1692583892739
1692583906961
1692583920979
1692583935233
1692583949149
1692583963257
1692583977460
1692583991640
1692584005567
1692584019641
1692584033823
1692584047908
1692584062005
1692584076102
1692584090198
1692584104312
1692584118447
1692584132584
1692584146732
1692584160965
1692584175067
1692584189154
1692584203292
1692584217440
1692584231583
1692584245804
1692584259941
1692584274100
1692584288254
1692584302324
1692584316555
1692584330643
1692584344863
1692584358928
1692584373171
1692584387314
1692584401464
1692584415622
1692584429760
1692584443829
1692584457972
1692584472107
1692584486225
1692584500382
1692584514596
1692584528733
1692584542779
1692584556919
1692584571152
1692584585211
1692584599454
1692584613508
1692584627726
1692584641799
1692584655943
1692584670067
1692584684197
1692584698415
1692584712450
1692584726560
1692584740654
1692584754769
1692584768892
1692584782975
1692584797050
1692584811221
1692584825384
1692584839320
1692584853539
1692584867577
1692584881771
1692584895847
1692584909932
1692584924019
1692584938113
1692584952217
1692584966296
1692584980384
1692584994466
1692585008572
1692585022724
1692585036957
1692585051019
1692585065171
1692585079398
1692585093469
1692585107701
1692585121780
1692585135905
1692585150220
1692585164207
1692585178348
1692585192624
1692585206688
1692585220824
1692585234971
1692585249042
1692585263181
1692585277414
1692585291478
1692585305633
1692585319937
1692585334106
1692585348161
1692585362314
1692585376372
1692585390519
1692585404686
1692585418834
1692585432969
1692585447259
1692585461257
1692585475474
1692585489539
1692585503689
1692585517921
1692585532053
1692585546119
1692585560336
1692585574552
1692585588545
1692585602679
1692585616768
1692585630877
1692585644971
1692585659133
1692585673138
1692585687369
1692585701448
1692585715653
1692585729822
1692585743891
1692585758197
1692585772185
1692585786336
1692585800466
1692585814693
1692585828846
1692585842915
1692585857080
1692585871238
1692585885399
1692585899508
1692585913668
1692585927966
1692585942021
1692585956091
1692585970221
1692585984384
1692585998602
1692586012754
1692586026917
1692586041056
1692586055240
1692586069468
1692586083434
1692586097668
1692586111908
1692586126052
1692586140031
1692586154332
1692586168418
1692586182566
1692586196632
1692586210776
1692586224991
1692586239042
1692586253271
1692586267333
1692586281459
1692586295560
1692586309742
1692586323978
1692586337962
1692586352064
1692586366188
1692586380331
1692586394477
1692586408714
1692586422754
1692586436970
1692586451026
1692586465259
1692586479321
1692586493553
1692586507627
1692586521848
1692586535900
1692586550047
1692586564174
1692586578389
1692586592442
1692586606656
1692586620713
1692586634859
1692586649033
1692586663167
1692586677374
1692586691438
1692586705674
1692586719932
1692586733909
1692586748060
1692586762206
1692586776354
1692586790569
1692586804628
1692586818792
1692586832981
1692586847174
1692586861329
1692586875486
1692586889641
1692586903708
1692586917872
1692586932010
1692586946239
1692586960294
1692586974384
1692586988569
1692587002603
1692587016724
1692587030819
1692587044955
1692587059084
1692587073171
1692587087357
1692587101354
1692587115476
1692587129602
1692587143696
1692587157869
1692587171882
1692587186177
1692587200105
1692587214200
1692587228368
1692587242384
1692587256498
1692587270675
1692587284685
1692587298763
1692587312869
1692587326971
1692587341104
1692587355332
1692587369401
1692587383566
1692587397809
1692587411946
1692587426020
1692587440279
1692587454310
1692587468364
1692587482607
1692587496674
1692587510898
1692587524909
1692587539092
1692587553125
1692587567249
1692587581388
1692587595476
1692587609568
1692587623654
1692587637790
1692587651913
1692587666006
1692587680093
1692587694279
1692587708285
1692587722496
1692587736600
1692587750829
1692587764964
1692587779033
1692587793192
1692587807352
1692587821569
1692587835633
1692587849784
1692587863950
1692587878159
1692587892329
1692587906395
1692587920546
1692587934701
1692587948850
1692587962994
1692587977122
1692587991354
1692588005395
1692588019644
1692588033730
1692588047878
1692588062001
1692588076244
1692588090315
1692588104552
1692588118675
1692588132713
1692588146866
1692588161010
1692588175251
1692588189318
1692588203455
1692588217607
1692588231824
1692588245952
1692588260028
1692588274172
1692588288317
1692588302541
1692588316724
1692588330662
1692588344771
1692588358982
1692588373030
1692588387158
1692588401302
1692588415548
1692588429660
1692588443790
1692588457839
1692588471994
1692588486204
1692588500250
1692588514411
1692588528560
1692588542692
1692588556928
1692588571152
1692588585286
1692588599264
1692588613394
1692588627625
1692588641851
1692588655924
1692588670083
1692588684151
1692588698309
1692588712533
1692588726685
1692588740764
1692588754916
1692588769130
1692588783275
1692588797418
1692588811565
1692588825629
1692588839881
1692588853941
1692588868097
1692588882242
1692588896387
1692588910525
1692588924666
1692588938830
1692588952977
1692588967119
1692588981391
1692588995358
1692589009476
1692589023555
1692589037643
1692589051824
1692589065846
1692589079933
1692589094101
1692589108098
1692589122187
1692589136292
1692589150369
1692589164518
1692589178841
1692589192910
1692589206973
1692589221072
1692589235244
1692589249239
1692589263505
1692589277433
1692589291586
1692589305880
1692589319837
1692589334036
1692589348104
1692589362258
1692589376401
1692589390641
1692589404716
1692589418943
1692589433006
1692589447326
1692589461358
1692589475505
1692589489666
1692589503787
1692589517840
1692589531948
1692589546174
1692589560235
1692589574489
1692589588551
1692589602692
1692589616824
1692589631034
1692589645218
1692589659271
1692589673412
1692589687727
1692589701784
1692589715938
1692589729988
1692589744123
1692589758379
1692589772464
1692589786589
1692589800815
1692589814857
1692589828989
1692589843129
1692589857271
1692589871497
1692589885605
1692589899656
1692589913835
1692589927968
1692589942008
1692589956086
1692589970198
1692589984367
1692589998522
1692590012543
1692590026653
1692590040756
1692590054972
1692590069035
1692590083347
1692590097419
1692590111488
1692590125642
1692590139774
1692590153998
1692590168141
1692590182297
1692590196349
1692590210585
1692590224746
1692590238809
1692590252952
1692590267279
1692590281268
1692590295412
1692590309565
1692590323712
1692590337932
1692590352092
1692590366147
1692590380251
1692590394382
1692590408540
1692590422804
1692590436869
1692590451093
1692590465177
1692590479476
1692590493450
1692590507652
1692590521785
1692590535853
1692590550071
1692590564150
1692590578290
1692590592524
1692590606586
1692590620735
1692590634883
1692590649101
1692590663162
1692590677273
