1692539932607
1692539936632
1692539940661
1692539944702
1692539948736
1692539952753
1692539956776
1692539960821
1692539964839
1692539968856
1692539972894
1692539976927
1692539980951
1692539984984
1692539989029
1692539993051
1692539997079
1692540001111
1692540005145
1692540009162
1692540013191
1692540017210
1692540021250
1692540025293
1692540029324
1692540033371
1692540037406
1692540041434
1692540045469
1692540049502
1692540053544
1692540057583
1692540061613
1692540065636
1692540069671
1692540073704
1692540077729
1692540081775
1692540085795
1692540089828
1692540093850
1692540097887
1692540101925
1692540105964
1692540109983
1692540114016
1692540118045
1692540122067
1692540126105
1692540130125
1692540134151
1692540138196
1692540142221
1692540146231
1692540150252
1692540154268
1692540158305
1692540162326
1692540166344
1692540170356
1692540174381
1692540178408
1692540182446
1692540186487
1692540190515
1692540194546
1692540198568
1692540202607
1692540206655
1692540210694
1692540214729
1692540218760
1692540222794
1692540226859
1692540230875
1692540234906
1692540238950
1692540242977
1692540247007
1692540251054
1692540255079
1692540259115
1692540263141
1692540267182
1692540271229
1692540275260
1692540279283
1692540283323
1692540287353
1692540291387
1692540295418
1692540299463
1692540303505
1692540307547
1692540311591
1692540315629
1692540319680
1692540323731
1692540327784
1692540331825
1692540335875
1692540339918
1692540343958
1692540348003
1692540352052
1692540356105
1692540360149
1692540364196
1692540368226
1692540372276
1692540376322
1692540380357
1692540384405
1692540388448
1692540392487
1692540396533
1692540400574
1692540404614
1692540408659
1692540412709
1692540416756
1692540420798
1692540424837
1692540428886
1692540432920
1692540436962
1692540441008
1692540445050
1692540449091
1692540453149
1692540457203
1692540461243
1692540465293
1692540469345
1692540473387
1692540477436
1692540481487
1692540485529
1692540489584
1692540493625
1692540497666
1692540501718
1692540505758
1692540509797
1692540513837
1692540517877
1692540521929
1692540525968
1692540530001
1692540534050
1692540538096
1692540542139
1692540546183
1692540550227
1692540554271
1692540558318
1692540562364
1692540566411
1692540570445
1692540574492
1692540578538
1692540582584
1692540586632
1692540590687
1692540594726
1692540598776
1692540602826
1692540606868
1692540610894
1692540614925
1692540618959
1692540622999
1692540627047
1692540631079
1692540635110
1692540639121
1692540643156
1692540647187
1692540651208
1692540655226
1692540659260
1692540663288
1692540667329
1692540671358
1692540675394
1692540679417
1692540683465
1692540687480
1692540691539
1692540695576
1692540699603
1692540703632
1692540707672
1692540711690
1692540715712
1692540719743
1692540723770
1692540727808
1692540731844
1692540735874
1692540739907
1692540743927
1692540747951
1692540751971
1692540756011
1692540760042
1692540764089
1692540768113
1692540772141
1692540776171
1692540780211
1692540784245
1692540788264
1692540792310
1692540796350
1692540800372
1692540804388
1692540808416
1692540812442
1692540816477
1692540820512
1692540824536
1692540828544
1692540832562
1692540836586
1692540840619
1692540844639
1692540848691
1692540852737
1692540856786
1692540860828
1692540864876
1692540868914
1692540872951
1692540877000
1692540881044
1692540885084
1692540889123
1692540893168
1692540897211
1692540901238
1692540905289
1692540909333
1692540913370
1692540917414
1692540921458
1692540925495
1692540929532
1692540933580
1692540937621
1692540941666
1692540945702
1692540949740
1692540953793
1692540957834
1692540961877
1692540965916
1692540969952
1692540973992
1692540978045
1692540982088
1692540986134
1692540990180
1692540994228
1692540998280
1692541002315
1692541006353
1692541010402
1692541014438
1692541018494
1692541022540
1692541026579
1692541030628
1692541034670
1692541038712
1692541042759
1692541046806
1692541050849
1692541054896
1692541058943
1692541062985
1692541067035
1692541071064
1692541075103
1692541079152
1692541083194
1692541087244
1692541091291
1692541095336
1692541099384
1692541103428
1692541107470
1692541111502
1692541115539
1692541119585
1692541123625
1692541127678
1692541131726
1692541135773
1692541139820
1692541143862
1692541147911
1692541151954
1692541155994
1692541160042
1692541164087
1692541168136
1692541172180
1692541176228
1692541180274
1692541184322
1692541188359
1692541192408
1692541196453
1692541200486
1692541204517
1692541208541
1692541212581
1692541216623
1692541220660
1692541224705
1692541228750
1692541232796
1692541236835
1692541240870
1692541244917
1692541248956
1692541252992
1692541257034
1692541261060
1692541265097
1692541269146
1692541273189
1692541277238
1692541281282
1692541285330
1692541289369
1692541293412
1692541297462
1692541301509
1692541305556
1692541309598
1692541313640
1692541317691
1692541321727
1692541325776
1692541329821
1692541333876
1692541337925
1692541341966
1692541346007
1692541350059
1692541354099
1692541358137
1692541362189
1692541366225
1692541370268
1692541374312
1692541378353
1692541382401
1692541386444
1692541390490
1692541394527
1692541398565
1692541402600
1692541406641
1692541410681
1692541414734
1692541418771
1692541422804
1692541426840
1692541430887
1692541434928
1692541438970
1692541443010
1692541447023
1692541451046
1692541455071
1692541459120
1692541463148
1692541467182
1692541471212
1692541475224
1692541479253
1692541483288
1692541487316
1692541491349
1692541495371
1692541499396
1692541503426
1692541507455
1692541511502
1692541515526
1692541519574
1692541523607
1692541527631
1692541531651
1692541535669
1692541539714
1692541543754
1692541547794
1692541551838
1692541555876
1692541559914
1692541563957
1692541568003
1692541572042
1692541576087
1692541580138
1692541584192
1692541588236
1692541592277
1692541596324
1692541600364
1692541604412
1692541608450
1692541612495
1692541616546
1692541620581
1692541624628
1692541628660
1692541632708
1692541636748
1692541640786
1692541644829
1692541648869
1692541652913
1692541656955
1692541661001
1692541665040
1692541669081
1692541673125
1692541677170
1692541681220
1692541685257
1692541689306
1692541693342
1692541697387
1692541701426
1692541705474
1692541709521
1692541713568
1692541717614
1692541721655
1692541725698
1692541729738
1692541733789
1692541737826
1692541741876
1692541745927
1692541749972
1692541754010
1692541758064
1692541762115
1692541766153
1692541770194
1692541774243
1692541778296
1692541782343
1692541786381
1692541790430
1692541794474
1692541798526
1692541802570
1692541806625
1692541810666
1692541814715
1692541818754
1692541822799
1692541826848
1692541830890
1692541834940
1692541838984
1692541843035
1692541847083
1692541851123
1692541855170
1692541859225
1692541863265
1692541867322
1692541871361
1692541875412
1692541879457
1692541883498
1692541887538
1692541891582
1692541895627
1692541899661
1692541903706
1692541907761
1692541911806
1692541915834
1692541919880
1692541923926
1692541927971
1692541932012
1692541936049
1692541940095
1692541944146
1692541948194
1692541952242
1692541956294
1692541960332
1692541964370
1692541968423
1692541972472
1692541976510
1692541980565
1692541984589
1692541988626
1692541992656
1692541996695
1692542000723
1692542004761
1692542008801
1692542012837
1692542016885
1692542020928
1692542024961
1692542029011
1692542033039
1692542037071
1692542041117
1692542045166
1692542049209
1692542053252
1692542057291
1692542061328
1692542065370
1692542069409
1692542073464
1692542077508
1692542081544
1692542085586
1692542089634
1692542093674
1692542097715
1692542101753
1692542105785
1692542109824
1692542113859
1692542117890
1692542121912
1692542125944
1692542129985
1692542134007
1692542138041
1692542142061
1692542146106
1692542150135
1692542154165
1692542158189
1692542162227
1692542166248
1692542170274
1692542174305
1692542178342
1692542182372
1692542186422
1692542190454
1692542194473
1692542198500
1692542202538
1692542206591
1692542210624
1692542214651
1692542218670
1692542222684
1692542226744
1692542230777
1692542234804
1692542238829
1692542242874
1692542246918
1692542250958
1692542254966
1692542258998
1692542263024
1692542267051
1692542271086
1692542275099
1692542279129
1692542283151
1692542287179
1692542291222
1692542295255
1692542299275
1692542303289
1692542307297
1692542311323
1692542315332
1692542319357
1692542323392
1692542327424
1692542331435
1692542335481
1692542339514
1692542343542
1692542347563
1692542351601
1692542355616
1692542359639
1692542363683
1692542367709
1692542371740
1692542375783
1692542379814
1692542383841
1692542387865
1692542391903
1692542395932
1692542399953
1692542403979
1692542408004
1692542412039
1692542416072
1692542420103
1692542424437
1692542428154
1692542432187
1692543608545
1692543612570
1692543616603
1692543620648
1692543624679
1692543628711
1692543632750
1692543636799
1692543640834
1692543644875
1692543648903
1692543652943
1692543656981
1692543661018
1692543665070
1692543669119
1692543673155
1692543677189
1692543681218
1692543685260
1692543689297
1692543693328
1692543697349
1692543701380
1692543705408
1692543709431
1692543713471
1692543717499
1692543721537
1692543725566
1692543729580
1692543733622
1692543737654
1692543741691
1692543745747
1692543749774
1692543753815
1692543757861
1692543761892
1692543765930
1692543769974
1692543774013
1692543778076
1692543782106
1692543786151
1692543790190
1692543794242
1692543798276
1692543802302
1692543806332
1692543810356
1692543814388
1692543818407
1692543822456
1692543826492
1692543830541
1692543834586
1692543838623
1692543842667
1692543846703
1692543850737
1692543854774
1692543858808
1692543862846
1692543866906
1692543870931
1692543874957
1692543878983
1692543883030
1692543887070
1692543891191
1692543895206
1692543899453
1692543903584
1692543907539
1692543911566
1692543915586
1692543919605
1692543923622
1692543927645
1692543931669
1692543935679
1692543939736
1692543943758
1692543947771
1692543951819
1692543955858
1692543959879
1692543963911
1692543967938
1692543971954
1692543975985
1692543980016
1692543984043
1692543988078
1692543992112
1692543996130
1692544000153
1692544004181
1692544008216
1692544012251
1692544016259
1692544020298
1692544024316
1692544028339
1692544032361
1692544036390
1692544040416
1692544044447
1692544048470
1692544052509
1692544056535
1692544060548
1692544064568
1692544068604
1692544072637
1692544076685
1692544080719
1692544084750
1692544088783
1692544092803
1692544096842
1692544100862
1692544104892
1692544108915
1692544112940
1692544116958
1692544120980
1692544125012
1692544129041
1692544133078
1692544137133
1692544141181
1692544145223
1692544149266
1692544153322
1692544157367
1692544161420
1692544165463
1692544169494
1692544173535
1692544177577
1692544181607
1692544185654
1692544189693
1692544193727
1692544197781
1692544201818
1692544205858
1692544209890
1692544213918
1692544217945
1692544221979
1692544226003
1692544230027
1692544234054
1692544238073
1692544242086
1692544246103
1692544250132
1692544254154
1692544258179
1692544262209
1692544266245
1692544270276
1692544274309
1692544278322
1692544282349
1692544286375
1692544290406
1692544294438
1692544298467
1692544302501
1692544306530
1692544310569
1692544314589
1692544318627
1692544322653
1692544326679
1692544330706
1692544334742
1692544338783
1692544342820
1692544346860
1692544350898
1692544354936
1692544358968
1692544363012
1692544367057
1692544371085
1692544375113
1692544379162
1692544383200
1692544387245
1692544391280
1692544395316
1692544399348
1692544403373
1692544407413
1692544411456
1692544415495
1692544419529
1692544423565
1692544427609
1692544431633
1692544435687
1692544439731
1692544443762
1692544447798
1692544451836
1692544455887
1692544459928
1692544463965
1692544468001
1692544472036
1692544476074
1692544480104
1692544484150
1692544488192
1692544492237
1692544496280
1692544500312
1692544504351
1692544508389
1692544512419
1692544516460
1692544520500
1692544524552
1692544528590
1692544532632
1692544536664
1692544540717
1692544544753
1692544548799
1692544552825
1692544556870
1692544560902
1692544564937
1692544568981
1692544573012
1692544577047
1692544581093
1692544585130
1692544589175
1692544593210
1692544597248
1692544601289
1692544605327
1692544609368
1692544613406
1692544617448
1692544621494
1692544625542
1692544629584
1692544633626
1692544637675
1692544641716
1692544645761
1692544649800
1692544653834
1692544657878
1692544661920
1692544665969
1692544670011
1692544674050
1692544678076
1692544682129
1692544686173
1692544690216
1692544694261
1692544698306
1692544702346
1692544706393
1692544710427
1692544714459
1692544718509
1692544722551
1692544726597
1692544730614
1692544734662
1692544738698
1692544742734
1692544746784
1692544750826
1692544754867
1692544758906
1692544762946
1692544767001
1692544771043
1692544775084
1692544779131
1692544783174
1692544787208
1692544791247
1692544795299
1692544799344
1692544803393
1692544807440
1692544811481
1692544815502
1692544819536
1692544823573
1692544827616
1692544831657
1692544835690
1692544839735
1692544843783
1692544847819
1692544851862
1692544855910
1692544859944
1692544863979
1692544868016
1692544872047
1692544876080
1692544880125
1692544884165
1692544888195
1692544892233
1692544896274
1692544900318
1692544904359
1692544908388
1692544912424
1692544916463
1692544920494
1692544924536
1692544928580
1692544932620
1692544936659
1692544940692
1692544944725
1692544948763
1692544952815
1692544956850
1692544960896
1692544964934
1692544968984
1692544973019
1692544977048
1692544981104
1692544985145
1692544989193
1692544993237
1692544997275
1692545001310
1692545005351
1692545009394
1692545013437
1692545017485
1692545021529
1692545025563
1692545029598
1692545033644
1692545037691
1692545041725
1692545045775
1692545049812
1692545053845
1692545057877
1692545061916
1692545065955
1692545069993
1692545074029
1692545078077
1692545082110
1692545086151
1692545090188
1692545094213
1692545098244
1692545102261
1692545106301
1692545110337
1692545114372
1692545118405
1692545122442
1692545126473
1692545130518
1692545134561
1692545138604
