1692636588276
1692636597551
1692636606866
1692636616124
1692636625393
1692636634731
1692636643980
1692636653251
1692636662534
1692636671839
1692636681183
1692636690395
1692636699721
1692636708994
1692636718289
1692636727598
1692636736941
1692636746207
1692636755515
1692636764778
1692636774078
1692636783393
1692636792756
1692636802171
1692636811301
1692636820572
1692636829844
1692636839130
1692636848428
1692636857702
1692636867000
1692636876278
1692636885549
1692636894843
1692636904193
1692636913396
1692636922708
1692636932001
1692636941272
1692636950584
1692636959876
1692636969187
1692636978469
1692636987764
1692636997113
1692637006344
1692637015688
1692637025019
1692637034343
1692637043645
1692637052966
1692637062301
1692637071647
1692637080979
1692637090323
1692637099743
1692637108992
1692637118335
1692637127766
1692637137103
1692637146359
1692637155701
1692637165045
1692637174371
1692637183796
1692637193146
1692637202396
1692637211807
1692637221136
1692637230458
1692637239717
1692637249058
1692637258472
1692637267730
1692637277052
1692637286380
1692637295714
1692637305026
1692637314311
1692637323590
1692637332875
1692637342142
1692637351399
1692637360693
1692637369977
1692637379327
1692637388621
1692637397881
1692637407123
1692637416407
1692637425742
1692637435001
1692637444270
1692637453582
1692637462866
1692637472116
1692637481385
1692637490708
1692637499966
1692637509252
1692637518538
1692637527822
1692637537118
1692637546414
1692637555692
1692637565021
1692637574340
1692637583653
1692637592953
1692637602204
1692637611489
1692637620749
1692637629983
1692637639240
1692637648504
1692637657757
1692637667079
1692637676384
1692637685685
1692637694970
1692637704306
1692637713637
1692637722976
1692637732297
1692637741635
1692637750970
1692637760309
1692637769599
1692637778950
1692637788269
1692637797589
1692637806930
1692637816237
1692637825642
1692637834879
1692637844216
1692637853562
1692637862916
1692637872238
1692637881577
1692637890894
1692637900230
1692637909585
1692637918908
1692637928246
1692637937556
1692637946863
1692637956175
1692637965494
1692637974828
1692637984246
1692637993514
1692638002856
1692638012195
1692638021605
1692638030851
1692638040175
1692638049518
1692638058840
1692638068246
1692638077513
1692638086853
1692638096173
1692638105525
1692638114860
1692638124195
1692638133529
1692643602571
1692643616817
1692643631157
1692643645684
1692643659877
1692643674201
1692643688515
1692643702815
1692643717127
1692643731440
1692643745752
1692643760078
1692643774372
1692643788693
1692643803019
1692643817407
1692643831743
1692643846053
1692643860321
1692643874653
1692643889018
1692643903392
1692643917726
1692643932174
1692643946433
1692643960842
1692643975132
1692643989469
1692644003919
1692644018256
1692644032628
1692644046907
1692644061235
1692644075651
1692644089878
1692644104217
1692644118536
1692644132830
1692644147302
1692644161460
1692644175805
1692644190138
1692644204540
1692644218792
1692644233118
1692644247438
1692644261764
1692644276103
1692644290456
1692644304769
1692644319087
1692644333367
1692644347685
1692644362175
1692644376432
1692644390710
1692644404961
1692644419395
1692644433627
1692644447936
1692644462413
1692644476596
1692644490868
1692644505281
1692644519589
1692644533979
1692644548385
1692644562797
1692644577210
1692644591724
1692644606138
1692644620458
1692644634885
1692644649259
1692644663715
1692644678088
1692644692404
1692644706794
1692644721255
1692644735459
1692644749837
1692644764199
1692644778639
1692644792907
1692644807356
1692644821622
1692644836062
1692644850377
1692644864782
1692644879238
1692644893660
1692644908043
1692644922503
1692644936792
1692644951147
1692644965530
1692644979902
1692644994343
1692645008712
1692645023002
1692645037440
1692645051735
1692645066149
1692645080544
1692645095033
1692645109444
1692645123592
1692645137899
1692645152390
1692645166535
1692645180919
1692645195150
1692645209643
1692645223782
1692645238213
1692645252433
1692645266757
1692645281078
1692645295348
1692645309803
1692645323951
1692645338434
1692645352592
1692645366952
1692645381233
1692645395610
1692645409929
1692645424253
1692645438495
1692645453011
1692645467217
1692645481578
1692645496110
1692645510275
1692645524603
1692645538954
1692645553290
1692645567695
1692645581930
1692645596406
1692645610561
1692645624897
1692645639240
1692645653573
1692645667928
1692645682299
1692645696663
1692645711009
1692645725358
1692645739738
1692645754058
1692645768363
1692645782684
1692645797032
1692645811395
1692645825646
1692645840049
1692645854327
1692645868760
1692645882998
1692645897369
1692645911703
1692645925973
1692645940281
1692645954592
1692645968904
1692645983405
1692645997524
1692646011856
1692646026196
1692646040540
1692646054863
1692646069320
1692646083570
1692646097973
1692646112410
1692646126533
1692646140855
1692646155208
1692646169576
1692646184075
1692646198289
1692646212707
1692646227073
1692646241360
1692646255764
1692646270246
1692646284533
1692646298899
1692646313265
1692646327641
1692646341997
1692646356355
1692646370723
1692646385103
1692646399466
1692646413847
1692646428219
1692646442639
1692646457015
1692646471461
1692646485651
1692646500095
1692646514392
1692646528757
1692646543252
1692646557575
1692646571979
1692646586442
1692646600760
1692646615249
1692646629581
1692646643989
1692646658421
1692646672792
1692646687235
1692646701528
1692646715878
1692646730318
1692646744608
1692646758969
1692646773340
1692646787702
1692646802102
1692646816419
1692646830726
1692646845033
1692646859520
1692646873717
1692646888169
1692646902448
1692646916882
1692646931237
1692646945506
1692646959865
1692646974298
1692646988565
1692647002913
1692647017282
1692647031717
1692647046074
1692647060368
1692647074780
1692647089201
1692647103605
1692647118084
1692647132374
1692647146718
1692647161146
1692647175438
1692647189874
1692647204259
1692647218566
1692647232953
1692647247365
1692647261737
1692647276108
1692647290460
1692647304820
1692647319192
1692647333573
1692647347929
1692647362283
1692647376618
1692647391150
1692647405354
1692647419781
1692647434061
1692647448408
1692647462809
1692647477268
1692647491555
1692647505915
1692647520263
1692647534664
1692647548999
1692647563227
1692647577550
1692647591913
1692647606323
1692647620514
1692647634860
1692647649193
1692647663500
1692647677944
1692647692165
1692647706574
1692647720795
1692647735176
1692647749669
1692647763891
1692647778235
1692647792570
1692647806993
1692647821303
1692647835548
1692647849890
1692647864178
1692647878521
1692647892874
1692647907218
1692647921657
1692647935920
1692647950295
1692647964722
1692647978940
1692647993370
1692648007684
1692648021979
1692648036348
1692648050748
1692648065153
1692648079635
1692648093907
1692648108291
1692648122655
1692648137014
1692648151455
1692648165833
1692648180117
1692648194490
1692648208910
1692648223183
1692648237546
1692648251892
1692648266256
1692648280601
1692648294969
1692648309338
1692648323710
1692648338073
1692648352450
1692648366799
1692648381188
1692648395550
1692648409929
1692648424276
1692648438638
1692648453015
1692648467455
1692648481747
1692648496210
1692648510558
1692648525022
1692648539294
1692648553577
1692648568050
1692648582318
1692648596772
1692648611026
1692648625360
1692648639716
1692648654005
1692648668314
1692648682631
1692648696943
1692648711315
1692648725629
1692648739858
1692648754157
1692648768480
1692648782835
1692648797293
1692648811624
1692648825909
1692648840244
1692648854585
1692648868941
1692648883304
1692648897631
1692648911996
1692648926327
1692648940781
1692648955018
1692648969322
1692648983812
1692648998111
1692649012295
1692649026624
1692649040977
1692649055297
1692649069652
1692649083979
1692649098336
1692649112752
1692649127108
1692649141479
1692649155767
1692649170098
1692649184422
1692649198806
1692649213163
1692649227515
1692649241804
1692649256170
1692649270564
1692649284982
1692649299196
1692649313564
1692649327946
1692649342212
1692649356665
1692649370865
1692649385317
1692649399603
1692649413955
1692649428331
1692649442694
1692649457051
1692649471488
1692649485783
1692649500366
1692649514599
1692649529004
1692649543478
1692649557753
1692649572143
1692649586577
1692649601004
1692649615386
1692649629737
1692649644114
1692649658482
1692649672929
1692649687331
1692649701650
1692649716052
1692649730469
1692649744842
1692649759246
1692649773626
1692649788034
1692649802429
1692649816873
1692649831347
1692649845590
1692649860006
1692649874377
1692649888785
1692649903269
1692649917750
1692649932013
1692649946382
1692649960709
1692649975035
1692649989479
1692650003665
1692650018049
1692650032337
1692650046639
1692650060954
1692650075358
1692650089655
1692650103891
1692650118207
1692650132533
1692650146877
1692650161355
1692650175579
1692650189818
1692650204144
1692650218449
1692650232785
1692650247238
1692650261526
1692650275886
1692650290328
1692650304606
1692650318968
1692650333341
1692650347707
1692650362109
1692650376496
1692650390953
1692650405326
1692650419605
1692650433977
1692650448358
1692650462706
1692650477074
1692650491425
1692650505784
1692650520226
1692650534516
1692650548895
1692650563270
1692650577643
1692650592089
1692650606397
1692650620820
1692650635322
1692650649640
1692650663993
1692650678353
1692650692714
1692650707085
1692650721451
1692650735908
1692650750267
1692650764565
