1692604549973
1692604569129
1692604588420
1692604607552
1692604626515
1692604645641
1692604664783
1692604683872
1692604703016
1692604722130
1692604741272
1692604760465
1692604779678
1692604798941
1692604818035
1692604837273
1692604856319
1692604875446
1692604894585
1692604913700
1692604932959
1692604952040
1692604971201
1692604990384
1692605009604
1692605028794
1692605048037
1692605067205
1692605086302
1692605105493
1692605124671
1692605143941
1692605163052
1692605182323
1692605201520
1692605220720
1692605239845
1692605259033
1692605278237
1692605297394
1692605316550
1692605335713
1692605354931
1692605374236
1692605393304
1692605412409
1692605431528
1692605450673
1692605469845
1692605489035
1692605508249
1692605527476
1692605546499
1692605565636
1692605584776
1692605604015
1692605623133
1692605642352
1692605661481
1692605680676
1692605699842
1692605719002
1692605738188
1692605757305
1692605776583
1692605795797
1692605815016
1692605834227
1692605853405
1692605872524
1692605891841
1692605910989
1692605930176
1692605949382
1692605968599
1692605987864
1692606006994
1692606026289
1692606045490
1692606064674
1692606083834
1692606103005
1692606122135
1692606141337
1692606160713
1692606179780
1692606198982
1692606218274
1692606237422
1692606256613
1692606275820
1692606295029
1692606314290
1692606333419
1692606352457
1692606371672
1692606390706
1692606409824
1692606429006
1692606448194
1692606467385
1692606486766
1692606505879
1692606525076
1692606544206
1692606563417
1692606582691
1692606601899
1692606621000
1692606640194
1692606659436
1692606678726
1692606697912
1692606717094
1692606736376
1692606755384
1692606774675
1692606793774
1692606813048
1692606832192
1692606851458
1692606870674
1692606889896
1692606909025
1692606928297
1692606947476
1692606966606
1692606985958
1692607005144
1692607024133
1692607043342
1692607062396
1692607081539
1692607100655
1692607119764
1692607138866
1692607158079
1692607177123
1692607196256
1692607215373
1692607234582
1692607253706
1692607272740
1692607291924
1692607311122
1692607330322
1692607349554
1692607368756
1692607387952
1692607407142
1692607426257
1692607445539
1692607464660
1692607484018
1692607503129
1692607522258
1692607541508
1692607560613
1692607579917
1692607599112
1692607618230
1692607637440
1692607656715
1692607675909
1692607695112
1692607714298
1692607733485
1692607752679
1692607771954
1692607791076
1692607810197
1692607829454
1692607848584
1692607867872
1692607886955
1692607906259
1692607925393
1692607944650
1692607963719
1692607982844
1692608002132
1692608021153
1692608040501
1692608059516
1692608078822
1692608097779
1692608116922
1692608136079
1692608155224
1692608174445
1692608193573
1692608212733
1692608231922
1692608251031
1692608270174
1692608289288
1692608308421
1692608327538
1692608346664
1692608365878
1692608384938
1692608404158
1692608423405
1692608442412
1692608461645
1692608480850
1692608500189
1692608519300
1692608538442
1692608557722
1692608576910
1692608596027
1692608615217
1692608634491
1692608653683
1692608672995
1692608692100
1692608711205
1692608730381
1692608749565
1692608768951
1692608788069
1692608807296
1692608826490
1692608845601
1692608864799
1692608884148
1692608903283
1692608922396
1692608941693
1692608960912
1692608980025
1692608999379
1692609018392
1692609037605
1692609056860
1692609075926
1692609095268
1692609114299
1692609133566
1692609152676
1692609171962
1692609191063
1692609210245
1692609229425
1692609248679
1692609267804
1692609287084
1692609306297
1692609325579
1692609344616
1692609363891
1692609383032
1692609402296
1692609421483
1692609440707
1692609459838
1692609479107
1692609498302
1692609517535
1692609536733
1692609555939
1692609575066
1692609594246
1692609613490
1692609632855
1692609651969
1692609671079
1692609690207
1692609709538
1692609728535
1692609747915
1692609767007
1692609786117
1692609805322
1692609824570
1692609843668
1692609862874
1692609882069
1692609901273
1692609920534
1692609939636
1692609958930
1692609978144
1692609997347
1692610016441
1692610035811
1692610054934
1692610074046
1692610093246
1692610112437
1692610131719
1692610150839
1692610170193
1692610189238
1692610208515
1692610227638
1692610246848
1692610266054
1692610285262
1692610304459
1692610323821
1692610342891
1692610362086
1692610381339
1692610400537
1692610419740
1692610438863
1692610458132
1692610477250
1692610496408
1692610515538
1692610534829
1692610553793
1692610572929
1692610592134
1692610611161
1692610630384
1692610649406
1692610668624
1692610687778
1692610706861
1692610726063
1692610745343
1692610764410
1692610783610
1692610802639
1692610821832
1692610840954
1692610860074
1692610879222
1692610898266
1692610917412
1692610936593
1692610955852
1692610974953
1692610994165
1692611013352
1692611032531
1692611051714
1692611070964
1692611090251
1692611109362
1692611128703
1692611147821
1692611166927
1692611186133
1692611205324
1692611224599
1692611243700
1692611262961
1692611282075
1692611301347
1692611320468
1692611339659
1692611358954
1692611378056
1692611397261
1692611416473
1692611435648
1692611454845
1692611474032
1692611493164
1692611512293
1692611531483
1692611550587
1692611569798
1692611589109
1692611608209
1692611627471
1692611646643
1692611665694
1692611684913
1692611704003
1692611723308
1692611742492
1692611761569
1692611780962
1692611799978
1692611819108
1692611838238
1692611857349
1692611876531
1692611895721
1692611915004
1692611934089
1692611953222
1692611972432
1692611991488
1692612010653
1692612030001
1692612049053
1692612068279
1692612087455
1692612106638
1692612125768
1692612145022
1692612164113
1692612183408
1692612202397
1692612221703
1692612240685
1692612259843
1692612279049
1692612298333
1692612317533
1692612336600
1692612355731
1692612374976
1692612394000
1692612413141
1692612432380
1692612451419
1692612470601
1692612489812
1692612509199
1692612528343
1692612547315
1692612566466
1692612585631
1692612604764
1692612623990
1692612643054
1692612662206
1692612681351
1692612700658
1692612719745
1692612738891
1692612757961
1692612777088
1692612796236
1692612815532
1692612834600
1692612853747
1692612872878
1692612892073
1692612911048
1692612930233
1692612949417
1692612968690
1692612987871
1692613007062
1692613026173
1692613045459
1692613064588
1692613083801
1692613103088
1692613122206
1692613141555
1692613160587
1692613179766
1692613199037
1692613218216
1692613237426
1692613256535
1692613275730
1692613294914
1692613314216
1692613333315
1692613352597
1692613371711
1692613390913
1692613410110
1692613429299
1692613448505
1692613467711
1692613486966
1692613506176
1692613525227
1692613544376
1692613563516
1692613582780
1692613601897
1692613621084
1692613640218
1692613659371
1692613678510
1692613697634
1692613716771
1692613735930
1692613755062
1692613774201
1692613793331
1692613812480
1692613831724
1692613850784
1692613869991
1692613889060
1692613908187
1692613927481
1692613946451
1692613965602
1692613984740
1692614003876
1692614023049
1692614042291
1692614061430
1692614080549
1692614099688
1692614118890
1692614137872
1692614157008
1692614176174
1692614195373
1692614214526
1692614233601
1692614252840
1692614271934
1692614291081
1692614310210
1692614329538
1692614348526
1692614367639
1692614386766
1692614405929
1692614425077
1692614444213
1692614463434
1692614482701
1692614501751
1692614520954
1692614540222
1692614559388
1692614578602
1692614597730
1692614617006
1692614636134
1692614655328
1692614674528
1692614693715
1692614712894
1692614732167
1692614751255
1692614770429
1692614789714
1692614808905
1692614828094
1692614847203
1692614866413
1692614885670
1692614904802
1692614923930
1692614943096
1692614962294
1692614981633
1692615000671
1692615019945
1692615039149
1692615058282
1692615077557
1692615096626
1692615115778
1692615134957
1692615154131
1692615173395
1692615192490
1692615211628
1692615230778
1692615249972
1692615269029
1692615288170
1692615307404
1692615326485
1692615345653
1692615364860
1692615383946
1692615403081
1692615422235
1692615441373
1692615460660
1692615479714
1692615498944
1692615518007
1692615537293
1692615556560
1692615575592
1692615594763
1692615613986
1692615633175
1692615652396
1692615671522
1692615690853
1692615709991
1692615729174
1692615748455
1692615767734
1692615786848
1692615805961
1692615825248
1692615844380
1692615863564
1692615882774
1692615901968
1692615921170
1692615940449
1692615959628
1692615978857
1692615997951
1692616017214
1692616036429
1692616055615
1692616074713
1692616093888
1692616113070
1692616132360
1692616151545
1692616170746
1692616189850
1692616209019
1692616228179
1692616247340
1692616266516
1692616285688
1692616304948
1692616324005
1692616343151
1692616362281
1692616381426
1692616400553
1692616419692
1692616438936
1692616457958
1692616477104
1692616496272
1692616515591
1692616534779
1692616553887
1692616573077
1692616592205
1692616611411
1692616630704
1692616649832
1692616669036
1692616688220
1692616707501
1692616726625
1692616745831
1692616765008
1692616784364
1692616803389
1692616822656
1692616841937
1692616860956
1692616880138
1692616899324
1692616918531
1692616937738
1692616957033
1692616976138
1692616995503
1692617014557
1692617033750
1692617052960
1692617072160
1692617091360
1692617110613
1692617129702
1692617149002
1692617167976
1692617187177
1692617206377
1692617225577
1692617244788
1692617263989
1692617283173
1692617302315
1692617321484
1692617340754
1692617359846
1692617379071
1692617398187
1692617417376
1692617436436
1692617455569
1692617474710
1692617493834
1692617512996
1692617532268
1692617551347
1692617570497
1692617589636
1692617608767
1692617627899
1692617647122
1692617666187
1692617685347
1692617704475
1692617723630
1692617742788
1692617761923
1692617781166
1692617800314
1692617819439
1692617838648
1692617857847
1692617877023
1692617896167
1692617915333
1692617934531
1692617953777
1692617972869
1692617992044
1692618011218
1692618030338
1692618049609
1692618068711
1692618087848
1692618107037
1692618126291
1692618145492
1692618164707
1692618183845
1692618203139
1692618222325
1692618241613
1692618260649
1692618279893
1692618298992
1692618318186
1692618337391
1692618356657
1692618375964
1692618395093
1692618414197
1692618433382
1692618452688
1692618471949
1692618491077
1692618510192
1692618529391
1692618548685
1692618567789
1692618587083
1692618606247
1692618625432
1692618644528
1692618663711
1692618682992
1692618702101
1692618721369
1692618740403
1692618759636
1692618778665
1692652274976
1692652289255
1692652303483
1692652317788
1692652332083
1692652346395
1692652360716
1692652375081
1692652389404
1692652403761
1692652418138
1692652432488
1692652446823
1692652461274
1692652475714
1692652489891
1692652504271
1692652518579
1692652532989
1692652547308
1692652561506
1692652575813
1692652590122
1692652604458
1692652618768
1692652633173
1692652647394
1692652661702
1692652676064
1692652690382
1692652704690
1692652719083
1692652733415
1692652747663
1692652761982
1692652776287
1692652790593
1692652804932
1692652819265
1692652833627
1692652847953
1692652862469
1692652876732
1692652890993
1692652905355
1692652919772
1692652934033
1692652948395
1692652962756
1692652977290
1692652991471
1692653005851
1692653020055
1692653034379
1692653048796
1692653063045
1692653077400
1692653091750
1692653106184
1692653120545
1692653134859
1692653149250
1692653163411
1692653177813
1692653192084
1692653206490
1692653220914
1692653235328
1692653249829
1692653264152
1692653278716
1692653292964
1692653307523
1692653321739
1692653336139
1692653350532
1692653364933
1692653379356
1692653393764
1692653408322
1692653422580
1692653437083
1692653451394
1692653465768
1692653480127
1692653494490
1692653508939
1692653523217
1692653537589
1692653551960
1692653566311
1692653580744
1692653595101
1692653609391
1692653623820
1692653638115
1692653652475
1692653666845
1692653681204
1692653695559
1692653709921
1692653724285
1692653738650
1692653753097
1692653767389
1692653781755
1692653796242
1692653810485
1692653824743
1692653839065
1692653853478
1692653867694
1692653882086
1692653896337
1692653910642
1692653924960
1692653939240
1692653953550
1692653967889
1692653982181
1692653996564
1692654010795
1692654025224
1692654039562
1692654053905
1692654068327
1692654082530
1692654096909
1692654111262
1692654125683
1692654139985
1692654154344
1692654168697
1692654183137
1692654197501
1692654211777
1692654226154
1692654240526
1692654254961
1692654269422
1692654283615
1692654297972
1692654312410
1692654326797
1692654341082
1692654355538
1692654369817
1692654384184
1692654398561
1692654412919
1692654427290
1692654441656
1692654456032
1692654470400
1692654484847
1692654499157
1692654513713
1692654527915
1692654542296
1692654556685
1692654571030
1692654585398
1692654599762
1692654614210
1692654628510
1692654642968
1692654657256
1692654671615
1692654686040
1692654700253
1692654714567
1692654728908
1692654743203
1692654757499
1692654771896
1692654786130
1692654800467
1692654814821
1692654829196
1692654843575
1692654858015
1692654872437
1692654886724
1692654901113
1692654915406
1692654929765
1692654944205
1692654958516
1692654972936
1692654987350
1692655001774
1692655016221
1692655030597
1692655044962
1692655059317
1692655073688
1692655088057
1692655102504
1692655116784
1692655131170
1692655145610
1692655159882
1692655174242
1692655188722
1692655203044
1692655217432
1692655231795
1692655246154
1692655260583
1692655274879
1692655289237
1692655303606
1692655317999
1692655332488
1692655346802
1692655361153
1692655375592
1692655389959
1692655404217
1692655418615
1692655432877
1692655447164
1692655461633
1692655475945
1692655490211
1692655504444
1692655518838
1692655533090
1692655547587
1692655561775
1692655576110
1692655590467
1692655604810
1692655619223
1692655633455
1692655647867
1692655662086
1692655676386
1692655690847
1692655705049
1692655719374
1692655733716
1692655748107
1692655762369
1692655776685
1692655791020
1692655805345
1692655819664
1692655834054
1692655848329
1692655862809
1692655877144
1692655891290
1692655905591
1692655919902
1692655934222
1692655948597
1692655962999
1692655977435
1692655991896
1692656006206
1692656020557
1692656034936
1692656049292
1692656063657
1692656078020
1692656092551
1692656106745
1692656121257
1692656135538
1692656149815
1692656164265
1692656178721
1692656192919
1692656207279
1692656221643
1692656236091
1692656250379
1692656264753
1692656279127
1692656293496
1692656307854
1692656322229
1692656336600
1692656351137
1692656365343
1692656379720
1692656394090
1692656408470
1692656422824
1692656437198
1692656451575
1692656465960
1692656480360
1692656494765
1692656509175
1692656523581
1692656537935
1692656552309
1692656566704
1692656581057
1692656595398
1692656609882
1692656624067
1692656638386
1692656652713
1692656667056
1692656681361
1692656695679
1692656710091
1692656724345
1692656738645
1692656752984
1692656767368
1692656781728
1692656796134
1692656810478
1692656824689
1692656839049
1692656853379
1692656867800
1692656882061
1692656896586
1692656910792
1692656925220
1692656939519
1692656953977
1692656968444
1692656982650
1692656997005
1692657011382
1692657025894
1692657040244
1692657054556
1692657069014
1692657083449
1692657097650
1692657112029
1692657126412
1692657140821
1692657155238
1692657169662
1692657184106
1692657198405
1692657212811
1692657227214
1692657241680
1692657255961
1692657270327
1692657284681
1692657299060
1692657313407
1692657327857
1692657342217
1692657356590
1692657370869
1692657385242
1692657399605
1692657413965
1692657428307
1692657442660
1692657457096
1692657471341
1692657485730
1692657499962
1692657514451
1692657528626
1692657542980
1692657557425
1692657571708
1692657586079
1692657600443
1692657614881
1692657629322
1692657643550
1692657657986
1692657672364
1692657686649
1692657701030
1692657715379
1692657729742
1692657744193
1692657758476
1692657772855
1692657787344
1692657801653
1692657816059
1692657830453
1692657844820
1692657859171
1692657873537
1692657887913
1692657902268
1692657916674
1692657931039
1692657945519
1692657959837
1692657974290
1692657988602
1692658003031
1692658017429
1692658031800
1692658046088
1692658060628
1692658074832
1692658089196
1692658103546
1692658117902
1692658132339
1692658146705
1692658160947
1692658175443
1692658189752
1692658204081
1692658218298
1692658232555
1692658246891
1692658261331
1692658275666
1692658289880
1692658304207
1692658318487
1692658332826
1692658347129
1692658361476
1692658375893
1692658390112
1692658404431
1692658418824
1692658433118
1692658447438
1692658461771
1692658476270
1692658490582
1692658504848
1692658519111
1692658533410
1692658547759
1692658562120
1692658576464
1692658590810
1692658605167
1692658619523
1692658633889
1692658648251
1692658662608
1692658677155
1692658691361
1692658705724
1692658720146
1692658734532
1692658748839
1692658763194
1692658777562
1692658791924
1692658806283
1692658820735
1692658835060
1692658849340
1692658863785
1692658878059
1692658892444
1692658906807
1692658921191
1692658935565
1692658949999
1692658964294
1692658978651
1692658993013
1692659007485
1692659021782
1692659036155
1692659050603
1692659064962
1692659079250
1692659093647
1692659108136
1692659122542
1692659136855
1692659151198
1692659165489
1692659179797
1692659194124
1692659208485
1692659222815
1692659237265
1692659251544
1692659265900
1692659280206
1692659294609
1692659308887
1692659323221
1692659337586
1692659351920
1692659366360
1692659380642
1692659395000
1692659409379
1692659423737
1692659438247
