1692630478378
1692630487576
1692630496949
1692630506155
1692630515441
1692630524722
1692630534015
1692630543403
1692630552695
1692630561936
1692630571258
1692630580597
1692630589865
1692630599241
1692630608458
1692630617788
1692630627241
1692630636393
1692630645696
1692630655011
1692630664316
1692630673596
1692630682877
1692630692186
1692630701493
1692630710822
1692630720133
1692630729479
1692630738776
1692630748104
1692630757407
1692630766675
1692630776000
1692630785309
1692630794614
1692630803896
1692630813257
1692630822469
1692630831850
1692630841099
1692630850396
1692630859717
1692630869077
1692630878394
1692630887802
1692630897022
1692630906417
1692630915666
1692630925086
1692630934329
1692630943664
1692630952994
1692630962323
1692630971738
1692630981077
1692630990327
1692630999734
1692631008979
1692631018405
1692631027742
1692631037004
1692631046321
1692631055647
1692631064989
1692631074330
1692631083668
1692631093026
1692631102351
1692631111679
1692631121078
1692631130334
1692631139672
1692631149000
1692631158421
1692631167747
1692631176972
1692631186229
1692631195510
1692631204802
1692631214179
1692631223384
1692631232676
1692631241976
1692631251238
1692631260515
1692631269799
1692631279125
1692631288409
1692631297729
1692631307051
1692631316352
1692631325638
1692631334933
1692631344229
1692631353547
1692631362825
1692631372107
1692631381398
1692631390709
1692631400067
1692631409263
1692631418573
1692631427877
1692631437237
1692631446453
1692631455847
1692631465051
1692631474330
1692631483715
1692631492902
1692631502223
1692631511547
1692631520848
1692631530227
1692631539473
1692631548781
1692631558090
1692631567460
1692631576769
1692631585973
1692631595269
1692631604566
1692631613863
1692631623258
1692631632481
1692631641767
1692631651067
1692631660353
1692631669693
1692631678987
1692631688376
1692631697594
1692631706880
1692631716226
1692631725566
1692631734798
1692631744119
1692631753395
1692631762687
1692631772089
1692631781298
1692631790566
1692631799874
1692631809171
1692631818498
1692631827921
1692631837182
1692631846522
1692631855864
1692631865196
1692631874537
1692631883875
1692631893203
1692631902543
1692631911979
1692631921232
1692631930556
1692631939985
1692631949228
1692631958553
1692631967884
1692631977220
1692631986566
1692631995888
1692632005211
1692632014563
1692632023880
1692632033228
1692632042588
1692632051934
1692632061264
1692632070603
1692632079930
1692632089260
1692632098598
1692632108017
1692632117258
1692632126596
1692632135956
1692632145299
1692632154609
1692632163964
1692632173295
1692632182618
1692632192037
1692632201308
1692632210654
1692632219985
1692632229309
1692632238645
1692632247979
1692632257327
1692632266734
1692632275980
1692632285380
1692632294648
1692632303989
1692632313320
1692632322655
1692632331994
1692632341336
1692632350658
1692632360082
1692632369338
1692632378684
1692632388026
1692632397348
1692632406678
1692632415991
1692632425278
1692632434575
1692632443887
1692632453291
1692632462486
1692632471795
1692632481086
1692632490438
1692632499757
1692632509117
1692632518426
1692632527769
1692632537086
1692632546424
1692632555763
1692632565105
1692632574444
1692632583760
1692632593101
1692632602431
1692632611859
1692632621122
1692632630461
1692632639905
1692632649160
1692632658501
1692632667847
1692632677182
1692632686515
1692632695861
1692632705194
1692632714539
1692632723904
1692632733314
1692632742556
1692632751955
1692632761190
1692632770512
1692632779861
1692632789140
1692632798490
1692632807827
1692632817249
1692632826490
1692632835818
1692632845166
1692632854472
1692632863794
1692632873110
1692632882459
1692632891791
1692632901133
1692632910537
1692632919777
1692632929074
1692632938407
1692632947757
1692632956971
1692632966296
1692632975570
1692632984876
1692632994218
1692633003549
1692633012980
1692633022240
1692633031577
1692633040908
1692633050321
1692633059589
1692633068998
1692633078251
1692633087536
1692633096841
1692633106125
1692633115441
1692633124814
1692633134127
1692633143359
1692633152640
1692633161935
1692633171215
1692633180508
1692633189879
1692633199102
1692633208375
1692633217681
1692633227061
1692633236262
1692633245717
1692633254846
1692633264142
1692633273444
1692633282752
1692633292042
1692633301301
1692633310584
1692633319866
1692633329201
1692633338423
1692633347718
1692633357094
1692633366303
1692633375623
1692633384993
1692633394223
1692633403530
1692633412838
1692633422128
1692633431428
1692633440745
1692633450049
1692633459363
1692633468649
1692633477966
1692633487253
1692633496594
1692633505932
1692633515360
1692633524692
1692633534041
1692633543362
1692633552730
1692633561979
1692633571393
1692633580642
1692633589981
1692633599304
1692633608643
1692633617977
1692633627375
1692633636687
1692633645919
1692633655257
1692633664600
1692633673947
1692633683272
1692633692595
1692633701928
1692633711331
1692633720667
1692633729936
1692633739277
1692633748559
1692633757902
1692633767171
1692633776553
1692633785815
1692633795168
1692633804513
1692633813845
1692633823176
1692633832500
1692633841837
1692633851148
1692633860485
1692633869816
1692633879154
1692633888548
1692633897798
1692633907134
1692633916468
1692633925860
1692633935117
1692633944432
1692633953774
1692633963095
1692633972435
1692633981787
1692633991109
1692634000501
1692634009737
1692634019111
1692634028319
1692634037607
1692634046958
1692634056380
1692634065620
1692634075037
1692634084252
1692634093541
1692634102831
1692634112114
1692634121451
1692634130740
1692634140007
1692634149279
1692634158567
1692634167835
1692634177140
1692634186434
1692634195719
1692634205031
1692634214334
1692634223709
1692634232961
1692634242282
1692634251578
1692634260900
1692634270290
1692634279606
1692634288826
1692634298160
1692634307469
1692634316765
1692634326061
1692634335365
1692634344655
1692634353968
1692634363268
1692634372564
1692634381848
1692634391147
1692634400500
1692634409708
1692634418990
1692634428381
1692634437701
1692634446902
1692634456169
1692634465454
1692634474752
1692634484063
1692634493348
1692634502721
1692634512023
1692634521267
1692634530772
1692634539947
1692634549293
1692634558629
1692634567956
1692634577378
1692634586634
1692634596066
1692634605321
1692634614728
1692634623978
1692634633314
1692634642672
1692634651923
1692634661331
1692634670540
1692634679825
1692634689134
1692634698461
1692634707790
1692634717116
1692634726456
1692634735783
1692634745093
1692634754514
1692634763762
1692634773180
1692634782420
1692634791763
1692634801171
1692634810402
1692634819735
1692634829064
1692634838408
1692634847730
1692634857157
1692634866396
1692634875732
1692634885068
1692634894401
1692634903748
1692634913086
1692634922415
1692634931830
1692634941115
1692634950438
1692634959774
1692634969120
1692634978467
1692634987794
1692634997117
1692635006447
1692635015759
1692635025079
1692635034387
1692635043707
1692635053137
1692635062400
1692635071729
1692635081060
1692635090393
1692635099728
1692635109152
1692635118351
1692635127732
