1692565817414
1692565821991
1692565826575
1692565831189
1692565835730
1692565840334
1692565844945
1692565849536
1692565854113
1692565858700
1692565863295
1692565867888
1692565872452
1692565877052
1692565881603
1692567898823
1692567907912
1692567916995
1692567926071
1692567935136
1692567944313
1692567953489
1692567962408
1692567971592
1692567980586
1692567989663
1692567998786
1692568007821
1692568016896
1692568025975
1692568035028
1692568044110
1692568053286
1692568062468
1692568071485
1692568080476
1692568089588
1692568098668
1692568107929
1692568116843
1692568125963
1692568135053
1692568144171
1692568153337
1692568162337
1692568171497
1692568180493
1692568189576
1692568198665
1692568207746
1692568216831
1692568225924
1692568235012
1692568244076
1692568253169
1692568262273
1692568271375
1692568280462
1692568289546
1692568298629
1692568307880
1692568316809
1692568325975
1692568334959
1692568344032
1692568353133
1692568362209
1692568371309
1692568380392
1692568389484
1692568398563
1692568407753
1692568416921
1692568425838
1692568434894
1692568444156
1692568453064
1692568462130
1692568471225
1692568480304
1692568489377
1692568498486
1692568507578
1692568516683
1692568525795
1692568534974
1692568544019
1692568553210
1692568562188
1692568571414
1692568580439
1692568589544
1692568598562
1692568607804
1692568616710
1692568625781
1692568634867
1692568643919
1692568652989
1692568662085
1692568671222
1692568680229
1692568689309
1692568698495
1692568707647
1692568716571
1692568725665
1692568734737
1692568743915
1692568752927
1692568762083
1692568771259
1692568780195
1692568789300
1692568798486
1692568807567
1692568816593
1692568825843
1692568834771
1692568843856
1692568853015
1692568862101
1692568871191
1692568880211
1692568889379
1692568898475
1692568907554
1692568916662
1692568925635
1692568934790
1692568943790
1692568952957
1692568962047
1692568971061
1692568980218
1692568989312
1692568998410
1692569007499
1692569016596
1692569025618
1692569034699
1692569043788
1692569052871
1692569061973
1692569071057
1692569080148
1692569089243
1692569098407
1692569107503
1692569116520
1692569125628
1692569134804
1692569143999
1692569152922
1692569162013
1692569171180
1692569180176
1692569189420
1692569198368
1692569207461
1692569216638
1692569225725
1692569234831
1692569243920
1692569253020
1692569262033
1692569271195
1692569280303
1692569289315
1692569298396
1692569307496
1692569316671
1692569325750
1692569334757
1692569344017
1692569353027
1692569362098
1692569371200
1692569380290
1692569389304
1692569398376
1692569407636
1692569416557
1692569425736
1692569434749
1692569443831
1692569453006
1692569462013
1692569471085
1692569480169
1692569489337
1692569498360
1692569507443
1692569516527
1692569525616
1692569534699
1692569543782
1692569552871
1692569561966
1692569571129
1692569580142
1692569589228
1692569598304
1692569607556
1692569616478
1692569625560
1692569634648
1692569643704
1692569652783
1692569661863
1692569670964
1692569680050
1692569689129
1692569698296
1692569707367
1692569716473
1692569725565
1692569734573
1692569743816
1692569752757
1692569761849
1692569771009
1692569780020
1692569789115
1692569798191
1692569807289
1692569816459
1692569825460
1692569834628
1692569843645
1692569852799
1692569861813
1692569870897
1692569880040
1692569889055
1692569898135
1692569907306
1692569916305
1692569925385
1692569934474
1692569943656
1692569952663
1692569961756
1692569970849
1692569979930
1692569989095
1692569998095
1692570007355
1692570016456
1692570025458
1692570034452
1692570043539
1692570052713
1692570061718
1692570070795
1692570079958
1692570088948
1692570098119
1692570107121
1692570116214
1692570125372
1692570134366
1692570143442
1692570152516
1692570161599
1692570170763
1692570179754
1692570188926
1692570198026
1692570207020
1692570216182
1692570225175
1692570234232
1692570243300
1692570252368
1692570261441
1692570270589
1692570279654
1692570288666
1692570297745
1692570306830
1692570315892
1692570325002
1692570334088
1692570343181
1692570352300
1692570361380
1692570370478
1692570379589
1692570388746
1692570397772
1692570406869
1692570415976
1692570425074
1692570434260
1692570443292
1692570452359
1692570461531
1692570470628
1692570479625
1692570488691
1692570497860
1692570506856
1692570516024
1692570525019
1692570534191
1692570543183
1692570552288
1692570561561
1692570570649
1692570579656
1692570588669
1692570597739
1692570606905
1692570615985
1692570625083
1692570634052
1692570643135
1692570652279
1692570661373
1692570670371
1692570679535
1692570688552
1692570697829
1692570706847
1692570715854
1692570724951
1692570734036
1692570743112
1692570752182
1692570761364
1692570770367
1692570779458
1692570788636
1692570797809
1692570806826
1692570815829
1692570824917
1692570833982
1692570843151
1692570852159
1692570861229
1692570870309
1692570879391
1692570888576
1692570897753
1692570906681
1692570915748
1692570924836
1692570933995
1692570942988
1692570952080
1692570961149
1692570970198
1692570979259
1692570988347
1692570997516
1692571006613
1692571015617
1692571024795
1692571033879
1692571042863
1692571051961
1692571061055
1692571070169
1692571079258
1692571088367
1692571097541
1692571106667
1692571115666
1692571124930
1692571133832
1692571142916
1692571152089
1692571161092
1692571170164
1692571179332
1692571188514
1692571197447
1692571206537
1692571215629
1692571224697
1692571233774
1692571242863
1692571251980
1692571261062
1692571270151
1692571279241
1692571288337
1692571297401
1692571306503
1692571315582
1692571324846
1692571333869
1692571342953
1692571351962
1692571361074
1692571370337
1692571379261
1692571388425
1692571397519
1692571406566
1692571415677
1692571424923
1692571433950
1692571443030
1692571452036
1692571461133
1692571470320
1692571479412
1692571488443
1692571497694
1692571506703
1692571515800
1692571524849
1692571533946
1692571543041
1692571552212
1692571561215
1692571570324
1692571579481
1692571588490
1692571597572
1692571606642
1692571615901
1692571624815
1692571633893
1692571643079
1692571652081
1692571661152
1692571670241
1692571679334
1692571688411
1692571697497
1692571706604
1692571715707
1692571724910
1692571733916
1692571743078
1692571752085
1692571761338
1692571770260
1692571779367
1692571788444
1692571797646
1692571806713
1692571815736
1692571824807
1692571833895
1692571842969
1692571852137
1692571861131
1692571870204
1692571879272
1692571888428
1692571897520
1692571906551
1692571915648
1692571924712
1692571933821
1692571942915
1692571952005
1692571961101
1692571970183
1692571979363
1692571988463
1692571997638
1692572006549
1692572015642
1692572024756
1692572033836
1692572043019
1692572052015
1692572061110
1692572070312
1692572079337
1692572088434
1692572097536
1692572106627
1692572115716
1692572124796
1692572133890
1692572142975
1692572152132
1692572161155
1692572170242
1692572179325
1692572188430
1692572197515
1692572206684
1692572215667
1692572224734
1692572233906
1692572243007
1692572251982
1692572261234
1692572270162
1692572279231
1692572288321
1692572297404
1692572306510
1692572315608
1692572324873
1692572333883
1692572342916
1692572352002
1692572361097
1692572370270
1692572379254
1692572388335
1692572397427
1692572406604
1692572415691
1692572424679
1692572433892
