1692661322217
1692661336592
1692661351124
1692661365402
1692661379690
1692661394057
1692661408425
1692661422802
1692661437138
1692661451474
1692661465802
1692661480130
1692661494467
1692661508771
1692661523181
1692661537426
1692661551730
1692661566049
1692661580380
1692661594703
1692661609177
1692661623376
1692661637680
1692661651985
1692661666289
1692661680644
1692661694998
1692661709358
1692661723695
1692661738164
1692661752416
1692661766666
1692661780996
1692661795476
1692661809699
1692661824083
1692661838455
1692661852848
1692661867246
1692661881622
1692661895982
1692661910343
1692661924698
1692661939118
1692661953523
1692661967914
1692661982302
1692661996696
1692662011120
1692662025516
1692662039913
1692662054297
1692662068684
1692662083141
1692662097438
1692662111802
1692662126179
1692662140556
1692662154912
1692662169242
1692662183723
1692662197953
1692662212187
1692662226489
1692662240847
1692662255214
1692662269526
1692662283939
1692662298173
1692662312680
1692662326852
1692662341220
1692662355570
1692662369932
1692662384311
1692662398613
1692662412998
1692662427414
1692662441791
1692662456157
1692662470544
1692662484883
1692662499261
1692662513627
1692662527968
1692662542279
1692662556584
1692662570928
1692662585265
1692662599615
1692662613987
1692662628348
1692662642776
1692662657031
1692662671338
1692662685665
1692662699956
1692662714298
1692662728642
1692662743026
1692662757344
1692662771588
1692662785905
1692662800231
1692662814630
1692662828874
1692662843275
1692662857527
1692662871878
1692662886309
1692662900588
1692662914939
1692662929290
1692662943682
1692662957932
1692662972269
1692662986601
1692663000922
1692663015236
1692663029558
1692663043880
1692663058343
1692663072522
1692663086823
1692663101138
1692663115551
1692663129828
1692663144188
1692663158626
1692663172916
1692663187393
1692663201645
1692663215890
1692663230223
1692663244579
1692663258999
1692663273269
1692663287611
1692663302040
1692663316311
1692663330718
1692663345092
1692663359451
1692663373929
1692663388254
1692663402662
1692663417060
1692663431444
1692663445834
1692663460213
1692663474581
1692663488969
1692663503365
1692663517743
1692663532122
1692663546485
1692663560861
1692663575222
1692663589586
1692663604030
1692663618322
1692663632695
1692663647099
1692663661543
1692663675946
1692663690352
1692663704719
1692663719094
1692663733461
1692663747836
1692663762202
1692663776577
1692663791016
1692663805300
1692663819812
1692663834004
1692663848329
1692663862711
1692663877125
1692663891514
1692663905876
1692663920376
1692663934612
1692663949027
1692663963408
1692663977787
1692663992162
1692664006542
1692664020910
1692664035268
1692664049653
1692664064043
1692664078470
1692664092853
1692664107218
1692664121588
1692664135962
1692664150351
1692664164712
1692664179096
1692664193484
1692664207875
1692664222251
1692664236608
1692664250984
1692664265350
1692664279790
1692664294077
1692664308438
1692664322807
1692664337172
1692664351539
1692664365919
1692664380281
1692664394750
1692664409014
1692664423383
1692664437766
1692664452145
1692664466531
1692664480906
1692664495283
1692664509656
1692664523989
1692664538313
1692664552613
1692664566932
1692664581236
1692664595556
1692664609889
1692664624225
1692664638527
1692664652850
1692664667164
1692664681579
1692664695863
1692664710258
1692664724722
1692664738997
1692664753323
1692664767802
1692664781942
1692664796290
1692664810623
1692664825030
1692664839334
1692664853712
1692664868170
1692664882462
1692664896863
1692664911369
1692664925701
1692664940110
1692664954558
1692664968837
1692664983222
1692664997606
1692665012007
1692665026426
1692665040831
1692665055231
1692665069625
1692665084044
1692665098462
1692665112866
1692665127299
1692665141653
1692665156032
1692665170398
1692665184775
1692665199145
1692665213508
1692665227890
1692665242255
1692665256619
1692665270991
1692665285359
1692665299732
1692665314109
1692665328480
1692665342856
1692665357405
1692665371663
1692665386081
1692665400546
1692665414851
1692665429271
1692665443753
1692665458097
1692665472465
1692665486781
1692665501107
1692665515412
1692665529763
1692665544096
1692665558602
1692665572870
1692665587224
1692665601600
1692665615775
1692665630106
1692665644528
1692665658765
1692665673221
1692665687481
1692665701720
1692665716051
1692665730374
1692665744674
1692665758999
1692665773333
1692665787676
1692665802004
1692665816322
1692665830665
1692665844989
1692665859308
1692665873704
1692665887956
1692665902264
1692665916600
1692665930932
1692665945284
1692665959676
1692665974019
1692665988495
1692666002673
1692666017021
1692666031381
1692666045772
1692666060157
1692666074533
1692666088902
1692666103269
1692666117648
1692666132086
1692666146479
1692666160875
1692666175289
1692666189636
1692666203992
1692666218351
1692666232709
1692666247070
1692666261431
1692666275791
1692666290151
1692666304523
1692666318884
1692666333265
1692666347705
1692666362002
1692666376380
1692666390895
1692666405174
1692666419517
1692666433817
1692666448184
1692666462549
1692666476910
1692666491356
1692666505663
1692666520036
1692666534394
1692666548845
1692666563124
1692666577596
1692666591930
1692666606299
1692666620624
1692666634966
1692666649283
1692666663610
1692666677939
1692666692295
1692666706629
1692666721062
1692666735332
1692666749679
1692666764081
1692666778324
1692666792645
1692666806973
1692666821275
1692666835596
1692666849914
1692666864249
1692666878555
1692666892958
1692666907203
1692666921587
1692666935974
1692666950391
1692666964805
1692666979207
1692666993633
1692667008040
1692667022436
1692667036861
1692667051148
1692667065509
1692667079876
1692667094254
1692667108633
1692667123084
1692667137424
1692667151833
1692667166228
1692667180634
1692667195050
1692667209444
1692667223852
1692667238220
1692667252587
1692667267026
1692667281310
1692667295685
1692667310115
1692667324532
1692667338927
1692667353336
1692667367746
1692667382135
1692667396569
1692667410992
1692667425477
1692667439894
1692667454110
1692667468475
1692667482846
1692667497282
1692667511557
1692667525894
1692667540265
1692667554629
1692667568930
1692667583245
1692667597576
1692667611969
1692667626244
1692667640551
1692667654943
1692667669229
1692667683485
1692667697845
1692667712257
1692667726506
1692667740827
1692667755153
1692667769565
1692667783881
1692667798114
1692667812507
1692667826804
1692667841162
1692667855523
1692667869891
1692667884275
1692667898643
1692667913013
1692667927388
1692667941753
1692667956120
1692667970498
1692667984943
1692667999227
1692668013611
1692668028020
1692668042493
1692668056802
1692668071177
1692668085545
1692668099905
1692668114270
1692668128642
1692668143013
1692668157423
1692668171774
1692668186124
1692668200580
1692668214861
1692668229213
1692668243612
1692668258040
1692668272514
1692668286814
1692668301186
1692668315564
1692668329955
1692668344342
1692668358688
1692668373052
1692668387420
1692668401762
1692668416089
1692668430400
1692668444735
1692668459047
1692668473384
1692668487717
