1692668717197
1692668736379
1692668755563
1692668774749
1692668793909
1692668813028
1692668832217
1692668851387
1692668870640
1692668889697
1692668908828
1692668927997
1692668947139
1692668966378
1692668985499
1692669004742
1692669023757
1692669042886
1692669062010
1692669081240
1692669100530
1692669119657
1692669138792
1692669158029
1692669177086
1692669196241
1692669215479
1692669234682
1692669253860
1692669273014
1692669292230
1692669311369
1692669330559
1692669349751
1692669368920
1692669388134
1692669407396
1692669426454
1692669445574
1692669464816
1692669483872
1692669503005
1692669522159
1692669541370
1692669560429
1692669579643
1692669598694
1692669617908
1692669636960
1692669656082
1692669675207
1692669694437
1692669713517
1692669732693
1692669751860
1692669771071
1692669790139
1692669809299
1692669828579
1692669847752
1692669866757
1692669885894
1692669905017
1692669924188
1692669943283
1692669962415
1692669981524
1692670000674
1692670019827
1692670038966
1692670058153
1692670077360
1692670096556
1692670115681
1692670134893
1692670153931
1692670173059
1692670192184
1692670211371
1692670230523
1692670249643
1692670268820
1692670287944
1692670307195
1692670326458
1692670345586
1692670364709
1692670383924
1692670403182
1692670422441
1692670441466
1692670460667
1692670479921
1692670499125
1692670518338
1692670537442
1692670556706
1692670575898
1692670595071
1692670614198
1692670633478
1692670652755
1692670671869
1692670691086
1692670710213
1692670729428
1692670748483
1692670767757
1692670786876
1692670806080
1692670825265
1692670844475
1692670863666
1692670882942
1692670902051
1692670921142
1692670940346
1692670959514
1692670978574
1692670997703
1692671016909
1692671035945
1692671055093
1692671074287
1692671093424
1692671112661
1692671131692
1692671150828
1692671170106
1692671189251
1692671208453
1692671227589
1692671246791
1692671265942
1692671284988
1692671304260
1692671323327
1692671342520
1692671361752
1692671380889
1692671399980
1692671419142
1692671438376
1692671457466
1692671476671
1692671496018
1692671515136
1692671534357
1692671553629
1692671572685
1692671591903
1692671611095
1692671630453
1692671649477
1692671668676
1692671687880
1692671707175
1692671726443
1692671745512
1692671764826
1692671783999
1692671803134
1692671822318
1692671841497
1692671860694
1692671879889
1692671899065
1692671918370
1692671937536
1692671956771
1692671975961
1692671995085
1692672014356
1692672033422
1692672052633
1692672071732
1692672090833
1692672109995
1692672129098
1692672148219
1692672167454
1692672186487
1692672205626
1692672224771
1692672243885
1692672263062
1692672282175
1692672301313
1692672320448
1692672339593
1692672358819
1692672377887
1692672397016
1692672416147
1692672435301
1692672454442
1692672473628
1692672492845
1692672511855
1692672531001
1692672550121
1692672569236
1692672588368
1692672607496
1692672626719
1692672645787
1692672665029
1692672684151
1692672703492
1692672722490
1692672741641
1692672760763
1692672779904
1692672799048
1692672818181
1692672837377
1692672856543
1692672875620
1692672894728
1692672913852
1692672933087
1692672952201
1692672971524
1692672990675
1692673009713
1692673028951
1692673048003
1692673067131
1692673086331
1692673105498
1692673124558
1692673143663
1692673162817
1692673181954
1692673201178
1692673220252
1692673239508
1692673258682
1692673277830
1692673297190
1692673316248
1692673335538
1692673354725
1692673373849
1692673393132
1692673412267
1692673431566
1692673450692
1692673469878
1692673489128
1692673508252
1692673527500
1692673546776
1692673565882
1692673585020
1692673604224
1692673623404
1692673642610
1692673661898
1692673681004
1692673700207
1692673719461
1692673738576
1692673757928
1692673776976
1692673796170
1692673815330
1692673834579
1692673853754
1692673872850
1692673892017
1692673911234
1692673930283
1692673949425
1692673968614
1692673987744
1692674006779
1692674025882
1692674044969
1692674064149
1692674083280
1692674102398
1692674121546
1692674140811
1692674159981
1692674179203
1692674198270
1692674217431
1692674236580
1692674255688
1692674274864
1692674294029
1692674313380
1692674332504
1692674351692
1692674370730
1692674389922
1692674408966
1692674428132
1692674447403
1692674466527
1692674485661
1692674504832
1692674523944
1692674543081
1692674562361
1692674581453
1692674600740
1692674620004
1692674639035
1692674658229
1692674677510
1692674696620
1692674715913
1692674735079
1692674754238
1692674773355
1692674792602
1692674811708
1692674830904
1692674850077
1692674869273
1692674888541
1692674907666
1692674926853
1692674946041
1692674965254
1692674984434
1692675003684
1692675022753
1692675041967
1692675061175
1692675080356
1692675099534
1692675118723
1692675138054
1692675157225
1692675176311
1692675195383
1692675214577
1692675233762
1692675253064
1692675272259
1692675291316
1692675310542
1692675329631
1692675348834
1692675367933
1692675387093
1692675406321
1692675425449
1692675444582
1692675463627
1692675482731
1692675501857
1692675520994
1692675540230
1692675559356
1692675578588
1692675597739
1692675616880
1692675635891
1692675655020
1692675674148
1692675693326
1692675712506
1692675731690
1692675750872
1692675770086
1692675789190
1692675808383
1692675827555
1692675846857
1692675866042
1692675885142
1692675904364
1692675923539
1692675942683
1692675961882
1692675981064
1692676000225
1692676019388
1692676038680
1692676057870
1692676077066
1692676096156
1692676115318
1692676134605
1692676153887
1692676173096
1692676192116
1692676211308
1692676230555
1692676249683
1692676268912
1692676288063
1692676307169
1692676326340
1692676345535
1692676364637
1692676383782
1692676402874
1692676421921
1692676441039
1692676460167
1692676479300
1692676498423
1692676517635
1692676536746
1692676555853
1692676575017
1692676594215
1692676613337
1692676632458
1692676651524
1692676670669
1692676689786
1692676708948
1692676728149
1692676747282
1692676766397
1692676785545
1692676804621
1692676823803
1692676842992
1692676862201
1692676881431
1692676900630
1692676919805
1692676939080
1692676958215
1692676977411
1692676996605
1692677015773
1692677034955
1692677054128
1692677073309
1692677092491
1692677111679
1692677130894
1692677150096
1692677169265
1692677188506
1692677207791
1692677226810
1692677246038
1692677265243
1692677284435
1692677303613
1692677322880
1692677342103
1692677361331
1692677380401
1692677399664
1692677418774
1692677437959
1692677457121
1692677476287
1692677495493
1692677514523
1692677533756
1692677552874
1692677572005
1692677591231
1692677610420
1692677629572
1692677648738
1692677667889
1692677687072
1692677706283
1692677725406
1692677744585
1692677763788
1692677782979
1692677802251
1692677821361
1692677840535
1692677859810
1692677878954
1692677898237
1692677917399
1692677936525
1692677955795
1692677975078
1692677994131
1692678013489
1692678032547
1692678051791
1692678070927
1692678090194
1692678109343
1692678128630
1692678147728
1692678167010
1692678186131
1692678205307
1692678224482
1692678243754
1692678262947
1692678282065
