1692557761109
1692557763166
1692557765175
1692557767229
1692557769253
1692557771288
1692557773325
1692557775378
1692557777440
1692557779469
1692557781497
1692557783543
1692557785575
1692557787610
1692557789667
1692557791788
1692557793739
1692557795866
1692557797791
1692557799832
1692557801865
1692557803910
1692557805958
1692557808009
1692557810048
1692557812098
1692557814153
1692557816192
1692557818234
1692557820270
1692557822318
1692557824356
1692557826392
1692557828421
1692557830459
1692557832517
1692557834533
1692557836579
1692557838635
1692557840654
1692557842711
1692557844742
1692557846782
1692557848832
1692557850874
1692557852924
1692557854947
1692557856984
1692557859016
1692557861051
1692557863092
1692557865132
1692557867156
1692557869189
1692557871229
1692557873271
1692557875291
1692557877341
1692557879379
1692557881418
1692557883457
1692557885471
1692557887518
1692557889662
1692557891607
1692557893642
1692557895694
1692557897758
1692557899867
1692557901837
1692557903863
1692557905919
1692557907946
1692557910004
1692557912045
1692557914069
1692557916110
1692557918139
1692557920176
1692557922203
1692557924248
1692557926300
1692557928341
1692557930393
1692557932427
1692557934470
1692557936520
1692557938569
1692557940603
1692557942644
1692557944696
1692557946730
1692557948775
1692557950827
1692557952844
1692557954890
1692557956925
1692557958954
1692557960998
1692557963067
1692557965103
1692557967155
1692557969205
1692557971254
1692557973292
1692557975331
1692557977371
1692557979422
1692557981442
1692557983492
1692557985530
1692557987582
1692557989611
1692557991666
1692557993691
1692557995720
1692557997764
1692557999802
1692558001850
1692558003866
1692558005918
1692558007970
1692558010024
1692558012071
1692558014100
1692558016119
1692558018159
1692558020199
1692558022254
1692558024293
1692558026318
1692558028352
1692558030395
1692558032449
1692558034471
1692558036518
1692558038574
1692558040614
1692558042631
1692558044658
1692558046700
1692558048743
1692558050787
1692558052836
1692558054892
1692558056920
1692558058960
1692558061014
1692558063054
1692558065093
1692558067141
1692558069192
1692558071234
1692558073269
1692558075408
1692558077427
1692558079359
1692558081389
1692558083427
1692558085467
1692558087508
1692558089537
1692558091571
1692558093625
1692558095653
1692558097696
1692558099739
1692558101788
1692558103818
1692558105862
1692558107894
1692558109941
1692558111978
1692558114029
1692558116061
1692558118104
1692558120174
1692558122207
1692558124244
1692558126280
1692558128310
1692558130344
1692558132398
1692558134425
1692558136459
1692558138500
1692558140526
1692558142565
1692558144611
1692558146657
1692558148699
1692558150721
1692558152743
1692558154771
1692558156829
1692558158877
1692558160924
1692558162955
1692558164987
1692558167005
1692558169118
1692558171095
1692558173150
1692558175205
1692558177338
1692558179306
1692558181359
1692558183412
1692558185453
1692558187504
1692558189550
1692558191596
1692558193643
1692558195692
1692558197747
1692558199795
1692558201848
1692558203895
1692558205943
1692558207997
1692558210047
1692558212098
1692558214155
1692558216190
1692558218243
1692558220290
1692558222344
1692558224386
1692558226439
1692558228574
1692558230548
1692558232595
1692558234650
1692558236704
1692558238754
1692558240804
1692558242861
1692558244911
1692558246965
1692558249016
1692558251074
1692558253127
1692558255176
1692558257230
1692558259280
1692558261321
1692558263374
1692558265425
1692558267467
1692558269516
1692558271565
1692558273619
1692558275658
1692558277709
1692558279765
1692558281804
1692558283860
1692558285911
1692558287966
1692558290011
1692558292060
1692558294103
1692558296158
1692558298211
1692558300255
1692558302291
1692558304344
1692558306385
1692558308421
1692558310462
1692558312499
1692558314543
1692558316594
1692558318643
1692558320699
1692558322750
1692558324785
1692558326838
1692558328883
1692558330915
1692558332956
1692558335002
1692558337062
1692558339107
1692558341150
1692558343204
1692558345247
1692558347268
1692558349323
1692558351360
1692558353409
1692558355456
1692558357501
1692558359548
1692558361601
1692558363660
1692558365690
1692558367731
1692558369767
1692558371824
1692558373875
1692558375936
1692558377986
1692558380037
1692558382091
1692558384235
1692558386201
1692558388252
1692558390386
1692558392348
1692558394397
1692558396449
1692558398502
1692558400559
1692558402611
1692558404664
1692558406718
1692558408770
1692558410914
1692558412876
1692558414933
1692558416985
1692558419033
1692558421089
1692558423141
1692558425190
1692558427218
1692558429268
1692558431299
1692558433344
1692558435380
1692558437420
1692558439468
1692558441516
1692558443555
1692558445595
1692558447639
1692558449680
1692558451746
1692558453867
1692558455825
1692558457877
1692558459920
1692558461940
1692558463984
1692558466049
1692558468078
1692558470104
1692558472151
1692558474195
1692558476243
1692558478276
1692558480321
1692558482366
1692558484430
1692558486471
1692558488518
1692558490571
1692558492606
1692558494667
1692558496715
1692558498740
1692558500783
1692558502816
1692558504830
1692558506884
1692558508926
1692558510967
1692558512998
1692558515051
1692558517099
1692558519133
1692558521182
1692558523213
1692558525255
1692558527296
1692558529316
1692558531350
1692558533392
1692558535425
1692558537460
1692558539495
1692558541547
1692558543572
1692558545619
1692558547648
1692558549695
1692558551727
1692558553768
1692558555815
1692558557848
1692558559882
1692558561935
1692558563982
1692558566103
1692558568054
1692558570093
1692558572135
1692558574161
1692558576193
1692558578221
1692558580344
1692558582284
1692558584325
1692558586377
1692558588414
1692558590440
1692558592494
1692558594538
1692558596571
1692558598617
1692558600650
1692558602700
1692558604819
1692558606765
1692558608808
1692558610839
1692558612874
1692558614918
1692558616950
1692558618992
1692558621039
1692558623086
1692558625103
1692558627136
1692558629261
1692558631227
1692558633264
1692558635277
1692558637313
1692558639350
1692558641380
1692558643435
1692558645468
1692558647580
1692558649517
1692558651538
1692558653588
1692558655624
1692558657674
1692558659699
1692558661748
1692558663804
1692558665842
1692558667865
1692558669917
1692558671969
1692558674005
1692558676036
1692558678057
1692558680112
1692558682144
1692558684171
1692558686207
1692558688247
1692558690296
1692558692343
1692558694381
1692558696420
1692558698459
1692558700509
1692558702528
1692558704577
1692558706619
1692558708661
1692558710707
1692558712743
1692558714796
1692558716842
1692558718904
1692558720927
1692558722962
1692558725008
1692558727040
1692558729095
1692558731130
1692558733175
1692558735225
1692558737278
1692558739342
1692558741370
1692558743414
1692558745472
1692558747507
1692558749539
1692558751577
1692558753600
1692558755651
1692558757702
1692558759751
1692558761787
1692558763835
1692558765883
1692558767917
1692558769967
1692558772008
1692558774057
1692558776112
1692558778158
1692558780184
1692558782214
1692558784241
1692558786263
1692558788326
1692558790352
1692558792400
1692558794441
1692558796479
1692558798516
1692558800562
1692558802598
1692558804638
1692558806679
1692558808728
1692558810774
1692558812812
1692558814829
1692558816863
1692558818917
1692558820952
1692558822988
1692558825018
1692558827040
1692558829078
1692558831105
1692558833231
1692558835182
1692558837216
1692558839248
1692558841280
1692558843335
1692558845364
1692558847408
1692558849452
1692558851467
1692558853514
1692558855543
1692558857594
1692558859638
1692558861685
1692558863821
1692558865767
1692558867813
1692558869866
1692558871918
1692558873957
1692558875980
1692558878019
1692558880052
1692558882101
1692558884135
1692558886181
1692558888219
1692558890266
1692558892302
1692558894322
1692558896379
1692558898423
1692558900436
1692558902478
1692558904620
1692558906563
1692558908608
1692558910666
1692558912717
1692558914753
1692558916806
1692558918946
1692558920911
1692558922967
1692558925015
1692558927071
1692558929125
1692558931178
1692558933234
1692558935270
1692558937325
1692558939374
1692558941429
1692558943478
1692558945528
1692558947583
1692558949634
1692558951689
1692558953745
1692558955798
1692558957854
1692558959908
1692558961959
1692558964015
1692558966064
1692558968121
1692558970158
1692558972207
1692558974258
1692558976312
1692558978354
1692558980401
1692558982543
1692558984502
1692558986553
1692558988607
1692558990654
1692558992700
1692558994751
1692558996808
1692558998861
1692559000912
1692559002969
1692559005012
1692559007060
1692559009113
1692559011152
1692559013191
1692559015226
1692559017266
1692559019317
1692559021360
1692559023410
1692559025459
1692559027508
1692559029557
1692559031606
1692559033655
1692559035699
1692559037748
1692559039798
1692559041842
1692559043888
1692559045931
1692559047984
1692559050035
1692559052091
1692559054141
1692559056196
1692559058264
1692559060300
1692559062355
1692559064408
1692559066448
1692559068503
1692559070549
1692559072608
1692559074659
1692559076713
1692559078766
1692559080795
1692559082845
1692559084875
1692559086908
1692559088957
1692559091011
1692559093066
1692559095113
1692559097256
1692559099220
1692559101272
1692559103314
1692559105367
1692559107424
1692559109466
1692559111515
1692559113576
1692559115630
1692559117684
1692559119734
1692559121792
1692559123847
1692559125884
1692559127940
1692559129985
1692559132035
1692559134077
1692559136127
1692559138183
1692559140236
1692559142272
1692559144327
1692559146383
1692559148439
1692559150456
1692559152505
1692559154549
1692559156605
1692559158653
1692559160707
1692559162750
1692559164782
1692559166828
1692559168861
1692559170903
1692559172908
1692559174959
1692559177003
1692559179051
1692559181096
1692559183127
1692559185159
1692559187221
1692559189273
1692559191314
1692559193357
1692559195407
1692559197438
1692559199470
1692559201505
1692559203544
1692559205576
1692559207614
1692559209661
1692559211704
1692559213737
1692559215792
1692559217831
1692559219891
1692559221934
1692559223985
1692559226032
1692559228091
1692559230139
1692559232280
1692559234245
1692559236299
1692559238351
1692559240406
1692559242455
1692559244510
1692559246556
1692559248610
1692559250665
1692559252718
1692559254775
1692559256828
1692559258866
1692559260978
1692559262941
1692559264986
1692559267041
1692559269085
1692559271136
1692559273186
1692559275239
1692559277282
1692559279334
1692559281389
1692559283430
1692559285486
1692559287540
1692559289585
1692559291636
1692559293683
1692559295731
1692559297784
1692559299839
1692559301885
1692559303929
1692559305982
1692559308018
1692559310070
1692559312121
1692559314168
1692559316216
1692559318270
1692559320322
1692559322375
1692559324418
1692559326463
1692559328512
1692559330558
1692559332610
1692559334742
1692559336692
1692559338744
1692559340794
1692559342844
1692559344889
1692559346928
1692559348982
1692559351018
1692559353073
1692559355126
1692559357176
1692559359224
1692559361279
1692559363326
1692559365372
1692559367419
1692559369464
1692559371516
1692559373569
1692559375608
1692559377642
1692559379783
1692559381747
1692559383797
1692559385840
1692559387880
1692559389927
1692559391953
1692559394060
1692559396000
1692559398030
1692559400063
1692559402102
1692559404150
1692559406176
1692559408226
1692559410286
1692559412325
1692559414373
1692559416415
1692559418455
1692559420508
1692559422561
1692559424614
1692559426658
1692559428710
1692559430764
1692559432811
1692559434864
1692559436919
1692559439056
1692559441020
1692559443074
1692559445134
1692559447190
1692559449239
1692559451294
1692559453437
1692559455394
1692559457437
1692559459495
1692559461547
1692559463598
1692559465656
1692559467699
1692559469755
1692559471795
1692559473836
1692559475880
1692559477918
1692559479956
1692559481988
1692559484028
1692559486076
1692559488128
1692559490178
1692559492222
1692559494281
1692559496420
1692559498385
1692559500437
1692559502485
1692559504542
1692559506579
1692559508621
1692559510656
1692559512718
1692559514752
1692559516793
1692559518819
1692559520856
1692559522892
1692559524925
1692559526975
1692559528991
1692559531031
1692559533067
1692559535106
1692559537143
1692559539259
1692559541207
1692559543241
1692559545369
1692559547313
1692559549357
1692559551406
1692559553435
1692559555476
1692559557523
1692559559578
1692559561611
1692559563652
1692559565679
1692559567711
1692559569740
1692559571754
1692559573796
1692559575830
1692559577874
1692559579929
1692559581964
1692559583979
1692559586024
1692559588076
1692559590108
1692559592160
1692559594194
1692559596216
1692559598270
1692559600298
1692559602332
1692559604356
1692559606393
1692559608440
1692559610469
1692559612492
1692559614507
1692559616547
1692559618598
1692559620653
1692559622757
1692559624722
1692559626755
1692559628786
1692559630806
1692559632838
1692559634892
1692559636933
1692559638950
1692559641008
1692559643038
1692559645092
1692559647100
1692559649158
1692559651189
1692559653245
1692559655275
1692559657315
1692559659326
1692559661372
1692559663411
1692559665452
1692559667499
1692559669552
1692559671611
1692559673637
1692559675676
1692559677705
1692559679743
1692559681797
1692559683831
1692559685882
1692559687906
1692559689958
1692559691996
1692559694037
1692559696086
1692559698132
1692559700180
1692559702208
1692559704223
1692559706262
1692559708291
1692559710316
1692559712344
1692559714401
1692559716419
1692559718471
1692559720505
1692559722539
1692559724581
1692559726627
1692559728683
1692559730736
1692559732775
1692559734829
1692559736879
1692559738915
1692559740968
1692559743016
1692559745043
1692559747084
1692559749132
1692559751167
1692559753193
1692559755233
1692559757274
1692559759311
1692559761341
1692559763389
1692559765439
1692559767480
1692559769523
1692559771558
1692559773610
1692559775657
1692559777709
1692559779754
1692559781789
1692559783822
1692559785843
1692559787889
1692559789922
1692559791967
1692559794013
1692559796034
1692559798080
1692559800217
1692559802170
1692560492433
