1692721452834
1692721471990
1692721491198
1692721510362
1692721529547
1692721548749
1692721567925
1692721587158
1692721606445
1692721625466
1692721644661
1692721663878
1692721683177
1692721702287
1692721721476
1692721740752
1692721759899
1692721779085
1692721798266
1692721817445
1692721836622
1692721855886
1692721875040
1692721894174
1692721913332
1692721932560
1692721951768
1692721970869
1692721990023
1692722009221
1692722028396
1692722047605
1692722066813
1692722085971
1692722105281
1692722124410
1692722143695
1692722162824
1692722181973
1692722201308
1692722220482
1692722239697
1692722258936
1692722278099
1692722297202
1692722316381
1692722335505
1692722354693
1692722373871
1692722393051
1692722412309
1692722431379
1692722450600
1692722469781
1692722488991
1692722508184
1692722527428
1692722546689
1692722565820
1692722585109
1692722604236
1692722623439
1692722642738
1692722661958
1692722681139
1692722700429
1692722719570
1692722738859
1692722757985
1692722777206
1692722796433
1692722815672
1692722834879
1692722854083
1692722873352
1692722892474
1692722911717
1692722930834
1692722950128
1692722969239
1692722988424
1692723007649
1692723026956
1692723046043
1692723065292
1692723084522
1692723103739
1692723122945
1692723142189
1692723161308
1692723180563
1692723199767
1692723218860
1692723238039
1692723257246
1692723276403
1692723295685
1692723314799
1692723334078
1692723353257
1692723372387
1692723391582
1692723410771
1692723430072
1692723449204
1692723468447
1692723487576
1692723506864
1692723526082
1692723545193
1692723564385
1692723583591
1692723602885
1692723622011
1692723641321
1692723660456
1692723679753
1692723698876
1692723718173
1692723737288
1692723756486
1692723775703
1692723794985
1692723814140
1692723833443
1692723852591
1692723871809
1692723891032
1692723910334
1692723929465
1692723948740
1692723967867
1692723987085
1692724006295
1692724025475
1692724044690
1692724063873
1692724083070
1692724102340
1692724121448
1692724140660
1692724159859
1692724179097
1692724198326
1692724217488
1692724236690
1692724255975
1692724275130
1692724294342
1692724313534
1692724332829
1692724351946
1692724371238
1692724390373
1692724409686
1692724428911
1692724448163
1692724467385
1692724486566
1692724505679
1692724524980
1692724544206
1692724563440
1692724582627
1692724601873
1692724620986
1692724640251
1692724659443
1692724678686
1692724697811
1692724717081
1692724736213
1692724755401
1692724774586
1692724793818
1692724813060
1692724832272
1692724851462
1692724870660
1692724889835
1692724909030
1692724928220
1692724947423
1692724966597
1692724985883
1692725005119
1692725024223
1692725043412
1692725062731
1692725081863
1692725101155
1692725120288
1692725139581
1692725158690
1692725177949
1692725197160
1692725216300
1692725235493
1692725254733
1692725274003
1692725293204
1692725312415
1692725331539
1692725350693
1692725369977
1692725389160
1692725408322
1692725427524
1692725446812
1692725466076
1692725485284
1692725504513
1692725523678
1692725542930
1692725562125
1692725581234
1692725600436
1692725619621
1692725638817
1692725658051
1692725677195
1692725696435
1692725715643
1692725734926
1692725754035
1692725773253
1692725792422
1692725811670
1692725830861
1692725850050
1692725869162
1692725888344
1692725907537
1692725926715
1692725945915
1692725965108
1692725984306
1692726003491
1692726022660
1692726041864
1692726061062
1692726080258
1692726099578
1692726118798
1692726137981
1692726157101
1692726176395
1692726195534
1692726214717
1692726234038
1692726253143
1692726272380
1692726291691
1692726310850
1692726330030
1692726349218
1692726368433
1692726387675
1692726406970
1692726426181
1692726445409
1692726464571
1692726483794
1692726503076
1692726522147
1692726541283
1692726560489
1692726579694
1692726598906
1692726618221
1692726637351
1692726656505
1692726675659
1692726694949
1692726713990
1692726733095
1692726752382
1692726771492
1692726790713
1692726809979
1692726829063
1692726848247
1692726867445
1692726886657
1692726905851
1692726925069
1692726944256
1692726963548
1692726982683
1692727001890
1692727021091
1692727040393
1692727059521
1692727078763
1692727097974
1692727117161
1692727136423
1692727155629
1692727174749
1692727193977
1692727213253
1692727232379
1692727251585
1692727270845
1692727289966
1692727309246
1692727328317
1692727347554
1692727366882
1692727385974
1692727405293
1692727424410
1692727443631
1692727462868
1692727482095
1692727501317
1692727520630
1692727539861
1692727558995
1692727578179
1692727597358
1692727616562
1692727635756
1692727654967
1692727674157
1692727693361
1692727712568
1692727731731
1692727750925
1692727770121
1692727789329
1692727808595
1692727827698
1692727846863
1692727866083
1692727885257
1692727904391
1692727923523
1692727942581
1692727961781
1692727980960
1692728000145
1692728019402
1692728038530
1692728057687
1692728076911
1692728096107
1692728115312
1692728134589
1692728153713
1692728172912
1692728192102
1692728211315
1692728230641
1692728249762
1692728269057
1692728288289
1692728307402
1692728326717
1692728345848
1692728365051
1692728384287
1692728403493
1692728422708
1692728442021
1692728461161
1692728480389
1692728499607
1692728518724
1692728537959
1692728557189
1692728576416
1692728595706
1692728614840
1692728634054
1692728653333
1692728672563
1692728691783
1692728710948
1692728730139
1692728749320
1692728768489
1692728787800
1692728807002
1692728826253
1692728845395
1692728864691
1692728883910
1692728903058
1692728922358
1692728941564
1692728960725
1692728979951
1692728999144
1692729018424
1692729037559
1692729056811
1692729076094
1692729095305
1692729114450
1692729133775
1692729152865
1692729172154
1692729191248
1692729210401
1692729229563
1692729248781
1692729267981
1692729287263
1692729306457
1692729325583
1692729344877
1692729364020
1692729383232
1692729402434
1692729421656
1692729440810
1692729460065
1692729479174
1692729498387
1692729517554
1692729536816
1692729555912
1692729575111
1692729594320
1692729613523
1692729632708
1692729651978
1692729671193
1692729690332
1692729709551
1692729728751
1692729747970
1692729767108
1692729786305
1692729805513
1692729824821
1692729844033
1692729863230
1692729882370
1692729901609
1692729920789
1692729940096
1692729959316
1692729978459
1692729997677
1692730016821
1692730036095
1692730055325
1692730074522
1692730093665
1692730112864
1692730132041
1692730151320
1692730170475
1692730189682
1692730208902
1692730228177
1692730247405
1692730266561
1692730285764
1692730304965
1692730324177
1692730343446
1692730362581
1692730381774
1692730400971
1692730420253
1692730439480
1692730458615
1692730477907
1692730497053
1692730516255
1692730535415
1692730554744
1692730573970
1692730593104
1692730612398
1692730631506
1692730650735
1692730670046
1692730689133
1692730708325
1692730727563
1692730746874
1692730766024
1692730785213
1692730804415
1692730823589
1692730842792
1692730862024
1692730881241
1692730900438
1692730919699
1692730938860
1692730958055
1692730977264
1692730996528
1692731015631
1692731034848
