1692734477900
1692734497140
1692734516194
1692734535373
1692734554516
1692734573646
1692734592770
1692734611957
1692734631150
1692734650314
1692734669477
1692734688602
1692734707830
1692734726891
1692734746039
1692734765169
1692734784306
1692734803432
1692734822561
1692734841695
1692734860805
1692734879941
1692734899217
1692734918370
1692734937547
1692734956805
1692734975903
1692734995105
1692735014274
1692735033464
1692735052660
1692735071920
1692735091105
1692735110199
1692735129336
1692735148628
1692735167759
1692735186937
1692735206136
1692735225318
1692735244457
1692735263634
1692735282845
1692735302036
1692735321273
1692735340473
1692735359597
1692735378754
1692735397901
1692735417153
1692735436193
1692735455343
1692735474530
1692735493724
1692735512917
1692735532125
1692735551435
1692735570626
1692735589835
1692735608959
1692735628141
1692735647415
1692735666528
1692735685737
1692735704994
1692735724111
1692735743391
1692735762501
1692735781702
1692735800898
1692735820060
1692735839227
1692735858511
1692735877626
1692735896838
1692735916031
1692735935306
1692735954377
1692735973580
1692735992769
1692736011982
1692736031250
1692736050365
1692736069511
1692736088631
1692736107789
1692736126945
1692736146128
1692736165403
1692736184526
1692736203588
1692736222742
1692736241922
1692736261101
1692736280399
1692736299641
1692736318847
1692736338051
1692736357161
1692736376342
1692736395526
1692736414794
1692736433930
1692736453122
1692736472304
1692736491504
1692736510782
1692736529972
1692736549179
1692736568279
1692736587541
1692736606671
1692736625872
1692736645157
1692736664271
1692736683455
1692736702739
1692736721954
1692736741067
1692736760265
1692736779454
1692736798707
1692736817836
1692736837114
1692736856245
1692736875409
1692736894547
1692736913705
1692736932840
1692736951992
1692736971124
1692736990258
1692737009384
1692737028522
1692737047662
1692737066812
1692737085965
1692737105247
1692737124390
1692737143586
1692737162816
1692737181946
1692737201067
1692737220161
1692737239294
1692737258440
1692737277581
1692737296732
1692737315845
1692737335076
1692737354175
1692737373298
1692737392458
1692737411661
1692737430801
1692737449958
1692737469085
1692737488254
1692737507443
1692737526583
1692737545762
1692737564889
1692737584106
1692737603320
1692737622529
1692737641738
1692737660941
1692737680227
1692737699363
1692737718538
1692737737799
1692737756998
1692737776113
1692737795302
1692737814556
1692737833650
1692737852852
1692737872068
1692737891361
1692737910551
1692737929738
1692737948941
1692737968039
1692737987197
1692738006349
1692738025542
1692738044768
1692738063898
1692738083024
1692738102193
1692738121268
1692738140396
1692738159663
1692738178715
1692738197827
1692738216934
1692738236070
1692738255283
1692738274450
1692738293501
1692738312599
1692738331695
1692738350810
1692738369955
1692738389133
1692738408151
1692738427319
1692738446432
1692738465579
1692738484686
1692738503836
1692738523029
1692738542185
1692738561309
1692738580492
1692738599674
1692738618824
1692738637960
1692738657065
1692738676216
1692738695386
1692738714530
1692738733647
1692738752790
1692738771936
1692738791039
1692738810215
1692738829384
1692738848519
1692738867716
1692738886881
1692738906025
1692738925143
1692738944410
1692738963420
1692738982665
1692739001731
1692739020864
1692739039996
1692739059174
1692739078347
1692739097403
1692739116530
1692739135699
1692739154820
1692739173913
1692739193007
1692739212127
1692739231259
1692739250382
1692739269535
1692739288612
1692739307766
1692739326937
1692739346086
1692739365232
1692739384377
1692739403556
1692739422710
1692739441807
1692739460926
1692739480025
1692739499164
1692739518306
1692739537455
1692739556635
1692739575786
1692739594970
1692739614108
1692739633265
1692739652372
1692739671475
1692739690767
1692739709836
1692739728952
1692739748077
1692739767252
1692739786496
1692739805564
1692739824734
1692739843963
1692739863066
1692739882184
1692739901306
1692739920528
1692739939586
1692739958667
1692739977848
1692739996984
1692740016135
1692740035290
1692740054464
1692740073584
1692740092747
1692740111920
1692740130954
1692740150055
1692740169288
1692740188378
1692740207531
1692740226716
1692740245930
1692740265103
1692740284250
1692740303414
1692740322647
1692740341763
1692740360845
1692740379968
1692740399079
1692740418274
1692740437483
1692740456653
1692740475865
1692740495013
1692740514193
1692740533383
1692740552627
1692740571627
1692740590819
1692740609981
1692740629134
1692740648269
1692740667476
1692740686634
1692740705780
1692740724968
1692740744157
1692740763385
1692740782555
1692740801741
1692740820928
1692740840117
1692740859326
1692740878520
1692740897663
1692740916846
1692740936071
1692740955290
1692740974453
1692740993624
1692741012753
1692741031911
1692741051109
1692741070393
1692741089468
1692741108634
1692741127849
1692741146995
1692741166172
1692741185415
1692741204539
1692741223726
1692741242899
1692741262080
1692741281269
1692741300463
1692741319716
1692741338817
1692741358040
1692741377220
1692741396387
1692741415555
1692741434750
1692741453931
1692741473089
1692741492289
1692741511474
1692741530673
1692741549870
1692741569144
1692741588259
1692741607461
1692741626727
1692741645851
1692741665047
1692741684236
1692741703392
1692741722560
1692741741824
1692741760923
1692741780126
1692741799380
1692741818488
1692741837687
1692741856837
1692741876032
1692741895192
1692741914350
1692741933523
1692741952735
1692741971908
1692741991103
1692742010367
1692742029441
1692742048629
1692742067785
1692742087000
1692742106174
1692742125381
1692742144615
1692742163762
1692742182936
1692742202094
1692742221292
1692742240551
1692742259617
1692742278880
1692742298074
1692742317278
1692742336463
1692742355659
1692742374879
1692742394072
1692742413333
1692742432461
1692742451741
1692742470857
1692742490141
1692742509274
1692742528473
1692742547660
1692742566869
1692742586158
1692742605261
1692742624467
1692742643675
1692742662974
1692742682029
1692742701238
1692742720437
1692742739635
1692742758831
1692742778027
1692742797197
1692742816366
1692742835537
1692742854731
1692742873998
1692742893055
1692742912277
1692742931521
1692742950700
1692742969851
1692742989036
1692743008219
1692743027407
1692743046631
1692743065866
1692743085037
1692743104224
1692743123448
1692743142618
1692743161786
1692743181064
1692743200158
1692743219337
1692743238519
1692743257708
1692743276906
1692743296111
1692743315377
1692743334556
1692743353669
1692743372906
1692743392038
1692743411189
1692743430393
1692743449699
1692743468897
1692743488021
1692743507192
1692743526408
1692743545693
1692743564821
1692743584087
1692743603205
1692743622417
1692743641723
1692743660883
1692743680083
1692743699307
1692743718550
1692743737758
1692743756933
1692743776163
1692743795384
1692743814604
1692743833893
1692743853085
1692743872216
1692743891409
1692743910606
1692743929812
1692743948993
1692743968121
1692743987283
1692744006436
1692744025653
1692744044930
