1692546269901
1692546273922
1692546277952
1692546281977
1692546286002
1692546290028
1692546294085
1692546298117
1692546302156
1692546306214
1692546310242
1692546314270
1692546318300
1692546322345
1692546326381
1692546330417
1692546334456
1692546338499
1692546342525
1692546346586
1692546350617
1692546354628
1692546358687
1692546362712
1692546366749
1692546370784
1692546374815
1692546378872
1692546382914
1692546386960
1692546391011
1692546395067
1692546399121
1692546403175
1692546407210
1692546411242
1692546415280
1692546419303
1692546423362
1692546427411
1692546431449
1692546435473
1692546439511
1692546443543
1692546447596
1692546451624
1692546455647
1692546459689
1692546463730
1692546467771
1692546471825
1692546475840
1692546479883
1692546483940
1692546487981
1692546492022
1692546496054
1692546500112
1692546504138
1692546508160
1692546512213
1692546516251
1692546520304
1692546524315
1692546528337
1692546532364
1692546536392
1692546540426
1692546544481
1692546548510
1692546552555
1692546556586
1692546560627
1692546564657
1692546568689
1692546572730
1692546576763
1692546580796
1692546584841
1692546588873
1692546592902
1692546596937
1692546600969
1692546605017
1692546609040
1692546613077
1692546617114
1692546621157
1692546625196
1692546629235
1692546633287
1692546637337
1692546641363
1692546645421
1692546649460
1692546653486
1692546657505
1692546661550
1692546665580
1692546669625
1692546673646
1692546677664
1692546681700
1692546685761
1692546689785
1692546693829
1692546697879
1692546701920
1692546705960
1692546710006
1692546714045
1692546718068
1692546722100
1692546726132
1692546730161
1692546734195
1692546738224
1692546742250
1692546746310
1692546750346
1692546754396
1692546758447
1692546762474
1692546766513
1692546770545
1692546774575
1692546778610
1692546782644
1692546786673
1692546790698
1692546794716
1692546798748
1692546802773
1692546806820
1692546810835
1692546814865
1692546818892
1692546822927
1692546826976
1692546831020
1692546835063
1692546839095
1692546843146
1692546847178
1692546851232
1692546855263
1692546859306
1692546863336
1692546867356
1692546871392
1692546875440
1692546879479
1692546883515
1692546887576
1692546891610
1692546895653
1692546899705
1692546903747
1692546907793
1692546911826
1692546915850
1692546919883
1692546923909
1692546927950
1692546932002
1692546936055
1692546940081
1692546944127
1692546948150
1692546952188
1692546956222
1692546960248
1692546964287
1692546968300
1692546972333
1692546976390
1692546980419
1692546984476
1692546988527
1692546992558
1692546996611
1692547000641
1692547004689
1692547008725
1692547012772
1692547016814
1692547020863
1692547024901
1692547028949
1692547032985
1692547037021
1692547041065
1692547045112
1692547049153
1692547053206
1692547057245
1692547061286
1692547065317
1692547069358
1692547073392
1692547077430
1692547081483
1692547085508
1692547089567
1692547093605
1692547097628
1692547101673
1692547105700
1692547109748
1692547113772
1692547117811
1692547121857
1692547125894
1692547129919
1692547133961
1692547138004
1692547142041
1692547146090
1692547150120
1692547154145
1692547158185
1692547162226
1692547166255
1692547170284
1692547174324
1692547178363
1692547182403
1692547186443
1692547190466
1692547194516
1692547198552
1692547202574
1692547206606
1692547210650
1692547214698
1692547218720
1692547222759
1692547226799
1692547230834
1692547234880
1692547238912
1692547242962
1692547246999
1692547251039
1692547255079
1692547259132
1692547263164
1692547267211
1692547271240
1692547275277
1692547279341
1692547283372
1692547287406
1692547291439
1692547295498
1692547299544
1692547303580
1692547307625
1692547311675
1692547315704
1692547319741
1692547323767
1692547327802
1692547331844
1692547335884
1692547339930
1692547343967
1692547348014
1692547352043
1692547356078
1692547360107
1692547364150
1692547368262
1692547372231
1692547376268
1692547380301
1692547384355
1692547388401
1692547392428
1692547396478
1692547400523
1692547404571
1692547408611
1692547412644
1692547416684
1692547420736
1692547424782
1692547428822
1692547432854
1692547436905
1692547440954
1692547444991
1692547449029
1692547453070
1692547457107
1692547461153
1692547465185
1692547469237
1692547473259
1692547477300
1692547481345
1692547485381
1692547489416
1692547493455
1692547497487
1692547501531
1692547505565
1692547509607
1692547513650
1692547517699
1692547521738
1692547525785
1692547529835
1692547533880
1692547537926
1692547541974
1692547546024
1692547550068
1692547554109
1692547558147
1692547562192
1692547566232
1692547570346
1692547574300
1692547578332
1692547582358
1692547586391
1692547590404
1692547594444
1692547598484
1692547602526
1692547606553
1692547610604
1692547614633
1692547618668
1692547622707
1692547626758
1692547630782
1692547634816
1692547638868
1692547642916
1692547646954
1692547650996
1692547655035
1692547659071
1692547663108
1692547667156
1692547671189
1692547675223
1692547679252
1692547683312
1692547687424
1692547691380
1692547695432
1692547699461
1692547703500
1692547707561
1692547711619
1692547715644
1692547719665
1692547723700
1692547727729
1692547731763
1692547735788
1692547739831
1692547743854
1692547747895
1692547751930
1692547755967
1692547760019
1692547764060
1692547768109
1692547772149
1692547776194
1692547780242
1692547784282
1692547788331
1692547792382
1692547796432
1692547800476
1692547804526
1692547808572
1692547812602
1692547816648
1692547820690
1692547824728
1692547828772
1692547832822
1692547836846
1692547840891
1692547844930
1692547848938
1692547852959
1692547856985
1692547861016
1692547865054
1692547869093
1692547873116
1692547877156
1692547881195
1692547885229
1692547889261
1692547893295
1692547897345
1692547901381
1692547905429
1692547909464
1692547913498
1692547917522
1692547921563
1692547925612
1692547929661
1692547933686
1692547937720
1692547941741
1692547945776
1692547949806
1692547953839
1692547957875
1692547961912
1692547965950
1692547969986
1692547974019
1692547978053
1692547982077
1692547986107
1692547990127
1692547994157
1692547998192
1692548002227
1692548006279
1692548010333
1692548014359
1692548018403
1692548022449
1692548026486
1692548030542
1692548034589
1692548038618
1692548042659
1692548046697
1692548050736
1692548054781
1692548058829
1692548062860
1692548066910
1692548070937
1692548074975
1692548079008
1692548083038
1692548087066
1692548091102
1692548095150
1692548099184
1692548103225
1692548107236
1692548111276
1692548115305
1692548119359
1692548123395
1692548127435
1692548131462
1692548135520
1692548139571
1692548143610
1692548147644
1692548151676
1692548155709
1692548159751
1692548163787
1692548167818
1692548171868
1692548175898
1692548179932
1692548183959
1692548187997
1692548192042
1692548196089
1692548200120
1692548204164
1692548208193
1692548212236
1692548216259
1692548220280
1692548224316
1692548228348
1692548232386
1692548236431
1692548240464
1692548244500
1692548248537
1692548252572
1692548256621
1692548260658
1692548264674
1692548268722
1692548272749
1692548276776
1692548280822
1692548284848
1692548288879
1692548292916
1692548296944
1692548300984
1692548305017
1692548309046
1692548313084
1692548317120
1692548321165
1692548325202
1692548329250
1692548333286
1692548337332
1692548341354
1692548345400
1692548349439
1692548353484
1692548357508
1692548361551
1692548365598
1692548369634
1692548373667
1692548377710
1692548381754
1692548385801
1692548389836
1692548393878
1692548397912
1692548401952
1692548405999
1692548410022
1692548414072
1692548418115
1692548422141
1692548426183
1692548430230
1692548434267
1692548438299
1692548442345
1692548446366
1692548450411
1692548454463
1692548458499
1692548462542
1692548466571
1692548470600
1692548474637
1692548478680
1692548482717
1692548486752
1692548490778
1692548494813
1692548498847
1692548502898
1692548506927
1692548510955
1692548514995
1692548519039
1692548523087
1692548527137
1692548531180
1692548535211
1692548539251
1692548543298
1692548547331
1692548551355
1692548555392
1692548559432
1692548563480
1692548567526
1692548571579
1692548575617
1692548579666
1692548583710
1692548587747
1692548591776
1692548595811
1692548599855
1692548603898
1692548607941
1692548611964
1692548616011
1692548620054
1692548624101
1692548628149
1692548632201
1692548636246
1692548640298
1692548644343
1692548648372
1692548652399
1692548656440
1692548660483
1692548664529
1692548668561
1692548672595
1692548676640
1692548680680
1692548684722
1692548688765
1692548692804
1692548696846
1692548700877
1692548704916
1692548708957
1692548712995
1692548717056
1692548721104
1692548725122
1692548729172
1692548733207
1692548737258
1692548741308
1692548745350
1692548749386
1692548753422
1692548757459
1692548761492
1692548765527
1692548769573
1692548773613
1692548777658
1692548781678
1692548785721
1692548789751
1692548793804
1692548797854
1692548801886
1692548805925
1692548809958
1692548814004
1692548818046
1692548822093
1692548826118
1692548830152
1692548834189
1692548838219
1692548842255
1692548846291
1692548850341
1692548854383
1692548858423
1692548862468
1692548866504
1692548870549
1692548874576
1692548878615
1692548882653
1692548886691
1692548890728
1692548894768
1692548898800
1692548902855
1692548906887
1692548910944
1692548914989
1692548919005
1692548923059
1692548927086
1692548931131
1692548935172
1692548939211
1692548943252
1692548947301
1692548951338
1692548955378
1692548959427
1692548963468
1692548967492
1692548971522
1692548975567
1692548979606
1692548983653
1692548987677
1692548991726
1692548995754
1692548999788
1692549003830
1692549007860
1692549011886
1692549015915
1692549019955
1692549023997
1692549028042
1692549032066
1692549036101
1692549040140
1692549044181
1692549048200
1692549052253
1692549056292
1692549060331
1692549064361
1692549068407
1692549072418
1692549076471
1692549080524
1692549084563
1692549088618
1692549092665
1692549096720
1692549100747
1692549104793
1692549108845
1692549112869
1692549116915
1692549120958
1692549125005
1692549129023
1692549133071
1692549137119
1692549141174
1692549145229
1692549149283
1692549153312
1692549157367
1692549161409
1692549165456
1692549169501
1692549173552
1692549177577
1692549181614
1692549185652
1692549189689
1692549193744
1692549197777
1692549201819
1692549205849
1692549209894
1692549213929
1692549217970
1692549222013
1692549226058
1692549230099
1692549234156
1692549238170
1692549242219
1692549246249
1692549250297
1692549254328
1692549258367
1692549262405
1692549266426
1692549270466
1692549274522
1692549278554
1692549282589
1692549286631
1692549290676
1692549294718
1692549298750
1692549302791
1692549306812
1692549310833
1692549314863
1692549318892
1692549322935
1692549326963
1692549330994
1692549335039
1692549339083
1692549343102
1692549347134
1692549351152
1692549355184
1692549359219
1692549363251
1692549367290
1692549371315
1692549375333
1692549379380
1692549383411
1692549387438
1692549391472
1692549395510
1692549399554
1692549403584
1692549407640
1692549411672
1692549415696
1692549419753
1692549423800
1692549427839
1692549431879
1692549435917
1692549439957
1692549443986
1692549448020
1692549452066
1692549456126
1692549460158
1692549464202
1692549468245
1692549472285
1692549476351
1692549480363
1692549484401
1692549488431
1692549492453
1692549496483
1692549500515
1692549504546
1692549508586
1692549512629
1692549516674
1692549520719
1692549524778
1692549528816
1692549532845
1692549536891
1692549540944
1692549544978
1692549549029
1692549553076
1692549557115
1692549561141
1692549565189
1692549569223
1692549573243
1692549577277
1692549581317
1692549585351
1692549589378
1692549593416
1692549597452
1692549601494
1692549605534
1692549609563
1692549613604
1692549617646
1692549621674
1692549625701
1692549629742
1692549633774
1692549637813
1692549641849
1692549645894
1692549649923
1692549653955
1692549657995
1692549662037
1692549666069
1692549670116
1692549674155
1692549678197
1692549682252
1692549686301
1692549690332
1692549694365
1692549698412
1692549702428
1692549706470
1692549710502
1692549714539
1692549718567
1692549722601
1692549726641
1692549730682
1692549734709
1692549738732
1692549742788
1692549746826
1692549750864
1692549754910
1692549758960
1692549763008
1692549767031
1692549771083
1692549775115
1692549779161
1692549783186
1692549787217
1692549791239
1692549795270
1692549799303
1692549803346
1692549807394
1692549811430
1692549815475
1692549819525
1692549823566
1692549827576
1692549831621
1692549835666
1692549839724
1692549843752
1692549847789
1692549851827
1692549855863
1692549859899
1692549863929
1692549867959
1692549872013
1692549876043
1692549880080
1692549884118
1692549888144
1692549892173
1692549896201
1692549900242
1692549904277
1692549908311
1692549912337
1692549916389
1692549920445
1692549924488
1692549928520
1692549932544
1692549936594
1692549940639
1692549944671
1692549948719
1692549952761
1692549956801
1692549960845
1692549964878
1692549968918
1692549972952
1692549976996
1692549981034
1692549985076
1692549989114
1692549993154
1692549997195
1692550001223
1692550005251
1692550009300
1692550013332
1692550017371
1692550021409
1692550025455
1692550029481
1692550033523
1692550037562
1692550041605
1692550045646
1692550049681
1692550053733
1692550057791
1692550061825
1692550065878
1692550069925
1692550073973
