1692811202176
1692811221333
1692811240519
1692811259693
1692811278899
1692811298084
1692811317275
1692811336479
1692811355675
1692811374855
1692811394056
1692811413232
1692811432418
1692811451641
1692811470838
1692811490032
1692811509244
1692811528433
1692811547621
1692811566822
1692811586007
1692811605219
1692811624438
1692811643629
1692811662810
1692811682011
1692811701220
1692811720393
1692811739611
1692811758827
1692811778016
1692811797223
1692811816365
1692811835517
1692811854675
1692811873812
1692811892988
1692811912166
1692811931326
1692811950469
1692811969646
1692811988837
1692812008047
1692812027208
1692812046390
1692812065575
1692812084759
1692812103948
1692812123131
1692812142299
1692812161499
1692812180683
1692812199868
1692812219081
1692812238288
1692812257470
1692812276673
1692812295876
1692812315084
1692812334253
1692812353427
1692812372625
1692812391820
1692812411105
1692812430216
1692812449408
1692812468605
1692812487804
1692812507013
1692812526185
1692812545373
1692812564577
1692812583762
1692812602936
1692812622146
1692812641360
1692812660528
1692812679738
1692812698911
1692812718093
1692812737309
1692812756468
1692812775666
1692812794863
1692812814054
1692812833241
1692812852441
1692812871617
1692812890825
1692812909985
1692812929161
1692812948361
1692812967570
1692812986785
1692813005981
1692813025174
1692813044367
1692813063588
1692813082804
1692813101991
1692813121200
1692813140373
1692813159551
1692813178710
1692813197896
1692813217075
1692813236250
1692813255428
1692813274595
1692813293784
1692813312960
1692813332178
1692813351363
1692813370525
1692813389712
1692813408909
1692813428089
1692813447269
1692813466521
1692813485599
1692813504775
1692813523964
1692813543127
1692813562330
1692813581509
1692813600693
1692813619901
1692813639086
1692813658276
1692813677449
1692813696646
1692813715824
1692813735011
1692813754259
1692813773373
1692813792590
1692813811783
1692813830976
1692813850141
1692813869350
1692813888530
1692813907714
1692813926910
1692813946100
1692813965281
1692813984472
1692814003674
1692814022851
1692814042038
1692814061224
1692814080405
1692814099592
1692814118786
1692814137930
1692814157123
1692814176323
1692814195521
1692814214698
1692814233885
1692814253062
1692814272233
1692814291413
1692814310594
1692814329791
1692814348983
1692814368187
1692814387383
1692814406533
1692814425736
1692814444901
1692814464077
1692814483290
1692814502454
1692814521627
1692814540817
1692814560003
1692814579168
1692814598380
1692814617605
1692814636800
1692814655986
1692814675168
1692814694364
1692814713562
1692814732744
1692814751960
1692814771178
1692814790373
1692814809551
1692814828811
1692814847959
1692814867149
1692814886326
1692814905513
1692814924717
1692814943914
1692814963087
1692814982282
1692815001463
1692815020652
1692815039853
1692815059066
1692815078257
1692815097454
1692815116661
1692815135829
1692815154998
1692815174159
1692815193364
1692815212592
1692815231781
1692815250956
1692815270141
1692815289341
1692815308551
1692815327719
1692815346913
1692815366091
1692815385290
1692815404482
1692815423673
1692815442846
1692815462055
1692815481230
1692815500413
1692815519598
1692815538792
1692815557973
1692815577180
1692815596354
1692815615548
1692815634737
1692815653937
1692815673158
1692815692344
1692815711549
1692815730740
1692815749894
1692815769070
1692815788352
1692815807425
1692815826598
1692815845920
1692815865036
1692815884209
1692815903367
1692815922525
1692815941821
1692815961007
1692815980115
1692815999329
1692816018551
1692816037623
1692816056779
1692816075979
1692816095116
1692816114317
1692816133589
1692816152658
1692816171886
1692816191070
1692816210349
1692816229455
1692816248748
1692816267814
1692816287058
1692816306138
1692816325294
1692816344421
1692816363616
1692816382810
1692816401991
1692816421132
1692816440348
1692816459476
1692816478667
1692816497917
1692816517064
1692816536211
1692816555370
1692816574521
1692816593732
1692816612943
1692816632137
1692816651369
1692816670466
1692816689753
1692816708819
1692816728105
1692816747147
1692816766333
1692816785576
1692816804664
1692816823972
1692816843044
1692816862290
1692816881496
1692816900628
1692816919805
1692816938995
1692816958191
1692816977399
1692816996671
1692817015777
1692817034850
1692817054090
1692817073189
1692817092341
1692817111488
1692817130651
1692817149837
1692817169039
1692817188189
1692817207343
1692817226498
1692817245782
1692817264965
1692817284057
1692817303212
1692817322374
1692817341461
1692817360637
1692817379910
1692817398952
1692817418138
1692817437302
1692817456508
1692817475691
1692817494874
1692817514050
1692817533192
1692817552372
1692817571532
1692817590687
1692817609828
1692817628962
1692817648123
1692817667216
1692817686383
1692817705666
1692817724705
1692817743891
1692817763048
1692817782342
1692817801560
1692817820660
1692817839809
1692817859026
1692817878098
1692817897248
1692817916415
1692817935673
1692817954723
1692817973927
1692817993098
1692818012258
1692818031482
1692818050660
1692818069859
1692818088966
1692818108116
1692818127407
1692818146582
1692818165756
1692818184868
1692818204091
1692818223289
1692818242437
1692818261550
1692818280809
1692818299986
1692818319092
1692818338295
1692818357484
1692818376710
1692818395787
1692818414955
1692818434212
1692818453305
1692818472409
1692818491649
1692818510767
1692818529993
1692818549075
1692818568201
1692818587429
1692818606474
1692818625718
1692818644868
1692818664013
1692818683219
1692818702433
1692818721597
1692818740765
1692818759888
1692818779066
1692818798220
1692818817375
1692818836517
1692818855672
1692818874934
1692818894072
1692818913229
1692818932422
1692818951610
1692818970783
1692818989965
1692819009227
1692819028437
1692819047535
1692819066746
1692819086012
1692819105111
1692819124383
1692819143470
1692819162689
1692819181946
1692819201091
1692819220275
1692819239563
1692819258686
1692819277963
1692819297087
1692819316341
1692819335449
1692819354613
1692819373914
1692819393041
1692819412208
1692819431402
1692819450571
1692819469771
1692819488955
1692819508126
1692819527265
1692819546570
1692819565611
1692819584820
1692819603996
1692819623259
1692819642387
1692819661550
1692819680733
1692819700001
1692819719083
1692819738292
1692819757495
1692819776705
1692819795885
1692819815022
1692819834172
1692819853405
1692819872490
1692819891721
1692819910839
1692819930030
1692819949328
1692819968465
1692819987644
1692820006910
1692820026106
1692820045201
1692820064423
1692820083608
1692820102720
1692820121869
1692820141032
1692820160167
1692820179382
1692820198540
1692820217694
1692820236834
1692820255998
1692820275225
1692820294328
1692820313501
1692820332702
1692820351903
1692820371064
1692820390210
1692820409500
1692820428625
1692820447847
1692820467018
1692820486212
1692820505400
1692820524547
1692820543716
1692820562936
1692820582231
1692820601292
1692820620463
1692820639675
1692820658913
1692820678008
1692820697235
1692820716504
1692820735560
1692820754802
1692820773992
