1692697500606
1692697519776
1692697538990
1692697558191
1692697577378
1692697596564
1692697615752
1692697634924
1692697654072
1692697673233
1692697692416
1692697711555
1692697730814
1692697749981
1692697769066
1692697788235
1692697807418
1692697826759
1692697845776
1692697865035
1692697884161
1692697903363
1692697922540
1692697941793
1692697960884
1692697980176
1692697999299
1692698018585
1692698037698
1692698057025
1692698076112
1692698095412
1692698114539
1692698133750
1692698153056
1692698172218
1692698191437
1692698210648
1692698229795
1692698248960
1692698268213
1692698287327
1692698306657
1692698325670
1692698344920
1692698364031
1692698383200
1692698402473
1692698421564
1692698440729
1692698459867
1692698479033
1692698498212
1692698517374
1692698536532
1692698555699
1692698574881
1692698594063
1692698613228
1692698632382
1692698651567
1692698670704
1692698689863
1692698709007
1692698728182
1692698747355
1692698766510
1692698785691
1692698804855
1692698824050
1692698843346
1692698862489
1692698881627
1692698900807
1692698920009
1692698939185
1692698958373
1692698977552
1692698996838
1692699015964
1692699035145
1692699054336
1692699073615
1692699092742
1692699111940
1692699131132
1692699150413
1692699169493
1692699188775
1692699207907
1692699227244
1692699246393
1692699265523
1692699284709
1692699303928
1692699323152
1692699342319
1692699361535
1692699380748
1692699399963
1692699419250
1692699438369
1692699457662
1692699476752
1692699496027
1692699515239
1692699534366
1692699553569
1692699572870
1692699591966
1692699611182
1692699630391
1692699649580
1692699668856
1692699687916
1692699707252
1692699726259
1692699745482
1692699764570
1692699783865
1692699803056
1692699822269
1692699841489
1692699860690
1692699879821
1692699899020
1692699918221
1692699937417
1692699956613
1692699975803
1692699995070
1692700014195
1692700033366
1692700052663
1692700071769
1692700090974
1692700110264
1692700129379
1692700148664
1692700167779
1692700187067
1692700206286
1692700225393
1692700244678
1692700263861
1692700282976
1692700302254
1692700321397
1692700340630
1692700359842
1692700379037
1692700398206
1692700417388
1692700436584
1692700455736
1692700474914
1692700494079
1692700513236
1692700532410
1692700551579
1692700570749
1692700590035
1692700609114
1692700628256
1692700647613
1692700666662
1692700685827
1692700704989
1692700724316
1692700743300
1692700762558
1692700781669
1692700800933
1692700820078
1692700839264
1692700858455
1692700877693
1692700896897
1692700916150
1692700935260
1692700954462
1692700973769
1692700992904
1692701012101
1692701031375
1692701050570
1692701069717
1692701088931
1692701108142
1692701127367
1692701146616
1692701165853
1692701184966
1692701204258
1692701223407
1692701242692
1692701261804
1692701281005
1692701300287
1692701319414
1692701338691
1692701357822
1692701377037
1692701396232
1692701415447
1692701434741
1692701453957
1692701473119
1692701492269
1692701511402
1692701530633
1692701549694
1692701568937
1692701588031
1692701607196
1692701626353
1692701645528
1692701664714
1692701683905
1692701703099
1692701722262
1692701741464
1692701760728
1692701779842
1692701799028
1692701818206
1692701837362
1692701856519
1692701875711
1692701894977
1692701914096
1692701933285
1692701952455
1692701971736
1692701990831
1692702010044
1692702029319
1692702048407
1692702067575
1692702086787
1692702105981
1692702125182
1692702144391
1692702163680
1692702182792
1692702202014
1692702221300
1692702240409
1692702259664
1692702278852
1692702298031
1692702317203
1692702336480
1692702355682
1692702374895
1692702394025
1692702413294
1692702432486
1692702451686
1692702470898
1692702490043
1692702509225
1692702528422
1692702547615
1692702566821
1692702586086
1692702605199
1692702624383
1692702643572
1692702662766
1692702681926
1692702701090
1692702720375
1692702739541
1692702758707
1692702777791
1692702796981
1692702816125
1692702835297
1692702854488
1692702873655
1692702892824
1692702911982
1692702931165
1692702950333
1692702969566
1692702988673
1692703007839
1692703027038
1692703046200
1692703065386
1692703084524
1692703103698
1692703122944
1692703142079
1692703161307
1692703180479
1692703199649
1692703218807
1692703237985
1692703257175
1692703276354
1692703295506
1692703314689
1692703333831
1692703353010
1692703372179
1692703391367
1692703410615
1692703429705
1692703448888
1692703468046
1692703487221
1692703506401
1692703525589
1692703544847
1692703563944
1692703583113
1692703602318
1692703621515
1692703640673
1692703659852
1692703679016
1692703698208
1692703717420
1692703736709
1692703755911
1692703775044
1692703794239
1692703813434
1692703832691
1692703851820
1692703871015
1692703890146
1692703909320
1692703928591
1692703947791
1692703966909
1692703986179
1692704005321
1692704024614
1692704043743
1692704062951
1692704082164
1692704101453
1692704120591
1692704139800
1692704158982
1692704178209
1692704197463
1692704216643
1692704235684
1692704254848
1692704274072
1692704293238
1692704312417
1692704331626
1692704350865
1692704369940
1692704389112
1692704408279
1692704427461
1692704446675
1692704465825
1692704485109
1692704504213
1692704523498
1692704542569
1692704561702
1692704580903
1692704600180
1692704619378
1692704638492
1692704657626
1692704676793
1692704695960
1692704715157
1692704734348
1692704753633
1692704772681
1692704791936
1692704811015
1692704830287
1692704849483
1692704868546
1692704887749
1692704907022
1692704926228
1692704945448
1692704964524
1692704983716
1692705002894
1692705022089
1692705041289
1692705060582
1692705079669
1692705098928
1692705118101
1692705137258
1692705156339
1692705175579
1692705194852
1692705213961
1692705233138
1692705252343
1692705271686
1692705290712
1692705309862
1692705329026
1692705348352
1692705367443
1692705386629
1692705405831
1692705424939
1692705444226
1692705463432
1692705482553
1692705501825
1692705520977
1692705540151
1692705559355
1692705578680
1692705597810
1692705617021
1692705636224
1692705655424
1692705674681
1692705693732
1692705712975
1692705732183
1692705751392
1692705770498
1692705789673
1692705808895
1692705828090
1692705847284
1692705866506
1692705885750
1692705904920
1692705924131
1692705943316
1692705962425
1692705981635
1692706000803
1692706020079
1692706039329
1692706058330
1692706077499
1692706096677
1692706115872
1692706135149
1692706154284
1692706173658
1692706192773
1692706211957
1692706231088
1692706250282
1692706269481
1692706288703
1692706307994
1692706327215
1692706346361
1692706365577
1692706384780
1692706404043
1692706423167
1692706442372
1692706461558
1692706480831
1692706500031
1692706519178
1692706538360
1692706557639
1692706576744
1692706595936
1692706615126
1692706634318
1692706653604
1692706672804
1692706691919
1692706711127
1692706730339
1692706749612
1692706768756
1692706787961
1692706807152
1692706826332
1692706845657
1692706864669
1692706883833
1692706903094
1692706922170
1692706941418
1692706960540
1692706979914
1692706998920
1692707018082
1692707037244
1692707056523
1692707075722
