1692821768645
1692821787694
1692821806938
1692821826082
1692821845240
1692821864394
1692821883547
1692821902761
1692821921981
1692821941157
1692821960236
1692821979488
1692821998711
1692822017928
1692822037032
1692822056326
1692822075524
1692822094609
1692822113832
1692822133116
1692822152227
1692822171448
1692822190657
1692822209842
1692822229020
1692822248222
1692822267420
1692822286575
1692822305782
1692822324983
1692822344074
1692822363257
1692822382389
1692822401549
1692822420652
1692822439815
1692822458960
1692822478123
1692822497264
1692822516482
1692822535551
1692822554745
1692822574024
1692822593074
1692822612224
1692822631435
1692822650578
1692822669680
1692822688808
1692822707926
1692822727087
1692822746201
1692822765402
1692822784667
1692822803744
1692822822870
1692822842055
1692822861247
1692822880368
1692822899483
1692822918589
1692822937692
1692822956794
1692822975963
1692822995012
1692823014138
1692823033248
1692823052379
1692823071527
1692823090703
1692823109863
1692823129011
1692823148130
1692823167279
1692823186386
1692823205527
1692823224677
1692823243857
1692823262982
1692823282134
1692823301254
1692823320367
1692823339503
1692823358723
1692823377823
1692823396976
1692823416104
1692823435208
1692823454344
1692823473577
1692823492616
1692823511758
1692823530894
1692823550047
1692823569263
1692823588312
1692823607430
1692823626629
1692823645744
1692823664982
1692823684137
1692823703333
1692823722366
1692823741475
1692823760618
1692823779734
1692823798881
1692823818066
1692823837219
1692823856332
1692823875475
1692823894625
1692823913755
1692823932973
1692823951979
1692823971116
1692823990241
1692824009355
1692824028498
1692824047690
1692824066930
1692824085982
1692824105123
1692824124282
1692824143418
1692824162545
1692824181745
1692824200905
1692824219951
1692824239144
1692824258272
1692824277375
1692824296509
1692824315666
1692824334897
1692824354043
1692824373299
1692824392516
1692824411546
1692824430783
1692824449877
1692824469042
1692824488214
1692824507400
1692824526547
1692824545739
1692824564867
1692824584105
1692824603206
1692824622327
1692824641432
1692824660565
1692824679771
1692824698825
1692824717973
1692824737087
1692824756231
1692824775349
1692824794480
1692824813614
1692824832721
1692824851866
1692824870977
1692824890218
1692824909274
1692824928385
1692824947515
1692824966716
1692824985768
1692825004893
1692825024093
1692825043139
1692825062300
1692825081523
1692825100564
1692825119688
1692825138953
1692825158110
1692825177198
1692825196310
1692825215452
1692825234597
1692825253687
1692825272893
1692825291936
1692825311039
1692825330191
1692825349389
1692825368643
1692825387851
1692825406963
1692825426180
1692825445287
1692825464572
1692825483650
1692825502936
1692825522068
1692825541229
1692825560434
1692825579631
1692825598806
1692825617976
1692825637149
1692825656333
1692825675505
1692825694649
1692825713756
1692825732971
1692825752021
1692825771204
1692825790349
1692825809494
1692825828623
1692825847773
1692825866937
1692825886117
1692825905237
1692825924515
1692825943591
1692825962725
1692825981829
1692826000953
1692826020210
1692826039383
1692826058474
1692826077617
1692826096843
1692826116002
1692826135113
1692826154226
1692826173369
1692826192557
1692826211698
1692826230771
1692826249905
1692826269114
1692826288243
1692826307388
1692826326598
1692826345645
1692826364861
1692826383980
1692826403042
1692826422142
1692826441285
1692826460412
1692826479535
1692826498655
1692826517781
1692826536896
1692826556017
1692826575126
1692826594295
1692826613450
1692826632576
1692826651793
1692826670894
1692826690126
1692826709332
1692826728356
1692826747545
1692826766655
1692826785795
1692826804959
1692826824115
1692826843237
1692826862367
1692826881614
1692826900807
1692826919919
1692826939071
1692826958206
1692826977326
1692826996464
1692827015704
1692827034847
1692827054020
1692827073212
1692827092495
1692827111604
1692827130731
1692827149936
1692827168995
1692827188105
1692827207248
1692827226418
1692827245542
1692827264699
1692827283833
1692827303065
1692827322104
1692827341364
1692827360497
1692827379653
1692827398826
1692827417938
1692827437055
1692827456209
1692827475398
1692827494575
1692827513734
1692827532940
1692827552131
1692827571184
1692827590293
1692827609422
1692827628553
1692827647667
1692827666811
1692827685929
1692827705089
1692827724222
1692827743420
1692827762491
1692827781605
1692827800815
1692827819899
1692827839120
1692827858170
1692827877333
1692827896480
1692827915596
1692827934759
1692827953963
1692827973032
1692827992228
1692828011314
1692828030480
1692828049646
1692828068785
1692828088035
1692828107115
1692828126249
1692828145403
1692828164555
1692828183799
1692828202853
1692828222034
1692828241151
1692828260402
1692828279434
1692828298557
1692828317685
1692828336785
1692828356044
1692828375136
1692828394339
1692828413545
1692828432613
1692828451791
1692828470882
1692828490056
1692828509356
1692828528501
1692828547548
1692828566728
1692828585917
1692828605128
1692828624348
1692828643407
1692828662638
1692828681760
1692828700898
1692828719982
1692828739091
1692828758226
1692828777406
1692828796614
1692828815721
1692828834879
1692828853998
1692828873155
1692828892301
1692828911420
1692828930545
1692828949715
1692828968826
1692828987953
1692829007117
1692829026343
1692829045522
1692829064663
1692829083881
1692829103031
1692829122200
1692829141318
1692829160441
1692829179575
1692829198776
1692829217973
1692829237059
1692829256299
1692829275388
1692829294665
1692829313780
1692829333001
1692829352008
1692829371122
1692829390293
1692829409450
1692829428632
1692829447786
1692829467013
1692829486152
1692829505476
1692829524567
1692829543699
1692829562887
1692829582042
1692829601109
1692829620249
1692829639521
1692829658636
1692829677813
1692829697060
1692829716220
1692829735272
1692829754473
1692829773638
1692829792709
1692829811867
1692829831146
1692829850251
1692829869439
1692829888620
1692829907807
1692829927053
1692829946096
1692829965256
1692829984391
1692830003513
1692830022689
1692830041870
1692830060993
1692830080152
1692830099336
1692830118505
1692830137621
1692830156813
1692830175945
1692830195203
1692830214416
1692830233543
1692830252709
1692830272008
1692830291096
1692830310305
1692830329460
1692830348702
1692830367911
1692830387064
1692830406351
1692830425498
1692830444763
1692830463871
1692830483025
1692830502305
1692830521430
1692830540613
1692830559750
1692830579013
1692830598120
1692830617341
1692830636545
1692830655745
1692830675043
1692830694151
1692830713360
1692830732586
1692830751777
1692830771006
1692830790152
1692830809334
1692830828591
1692830847712
1692830866910
1692830886122
1692830905291
1692830924475
1692830943614
1692830962791
1692830981944
1692831001106
1692831020278
1692831039473
1692831058603
1692831077788
1692831096967
1692831116194
1692831135420
1692831154606
1692831173841
1692831192971
1692831212175
1692831231343
1692831250496
1692831269686
1692831288887
1692831308083
1692831327247
