1692550349562
1692550351595
1692550353653
1692550355695
1692550357743
1692550359795
1692550361852
1692550363893
1692550365919
1692550367967
1692550370004
1692550372063
1692550374072
1692550376110
1692550378156
1692550380200
1692550382252
1692550384309
1692550386332
1692550388375
1692550390411
1692550392450
1692550394508
1692550396547
1692550398577
1692550400634
1692550402685
1692550404733
1692550406755
1692550408814
1692550410853
1692550412889
1692550414939
1692550416980
1692550419022
1692550421050
1692550423102
1692550425155
1692550427190
1692550429242
1692550431271
1692550433310
1692550435355
1692550437406
1692550439460
1692550441506
1692550443554
1692550445590
1692550447631
1692550449690
1692550451730
1692550453781
1692550455822
1692550457882
1692550459932
1692550461979
1692550464028
1692550466073
1692550468116
1692550470171
1692550472197
1692550474241
1692550476265
1692550478319
1692550480372
1692550482398
1692550484435
1692550486499
1692550488530
1692550490560
1692550492586
1692550494625
1692550496676
1692550498724
1692550500775
1692550502808
1692550504837
1692550506889
1692550508925
1692550510960
1692550513006
1692550515050
1692550517108
1692550519146
1692550521206
1692550523242
1692550525270
1692550527313
1692550529362
1692550531408
1692550533459
1692550535506
1692550537547
1692550539579
1692550541635
1692550543675
1692550545712
1692550547749
1692550549805
1692550551847
1692550553891
1692550555944
1692550558000
1692550560041
1692550562083
1692550564128
1692550566159
1692550568207
1692550570250
1692550572301
1692550574336
1692550576393
1692550578432
1692550580481
1692550582511
1692550584558
1692550586594
1692550588639
1692550590679
1692550592730
1692550594774
1692550596815
1692550598856
1692550600917
1692550602942
1692550604980
1692550607033
1692550609081
1692550611121
1692550613150
1692550615196
1692550617249
1692550619295
1692550621328
1692550623382
1692550625422
1692550627466
1692550629509
1692550631551
1692550633588
1692550635614
1692550637665
1692550639718
1692550641752
1692550643795
1692550645847
1692550647888
1692550649935
1692550651965
1692550654011
1692550656052
1692550658087
1692550660137
1692550662193
1692550664235
1692550666274
1692550668303
1692550670351
1692550672398
1692550674451
1692550676495
1692550678556
1692550680574
1692550682627
1692550684678
1692550686723
1692550688766
1692550690819
1692550692867
1692550694919
1692550696941
1692550698988
1692550701020
1692550703080
1692550705114
1692550707173
1692550709227
1692550711278
1692550713338
1692550715379
1692550717442
1692550719478
1692550721533
1692550723582
1692550725621
1692550727653
1692550729690
1692550731729
1692550733767
1692550735819
1692550737864
1692550739916
1692550741958
1692550744002
1692550746050
1692550748093
1692550750123
1692550752166
1692550754213
1692550756260
1692550758293
1692550760344
1692550762403
1692550764448
1692550766474
1692550768523
1692550770571
1692550772624
1692550774680
1692550776719
1692550778766
1692550780823
1692550782865
1692550784902
1692550786950
1692550788983
1692550791026
1692550793078
1692550795134
1692550797177
1692550799203
1692550801253
1692550803303
1692550805339
1692550807388
1692550809428
1692550811475
1692550813509
1692550815540
1692550817599
1692550819647
1692550821692
1692550823737
1692550825770
1692550827821
1692550829857
1692550831885
1692550833941
1692550835978
1692550838024
1692550840079
1692550842133
1692550844156
1692550846186
1692550848213
1692550850247
1692550852271
1692550854315
1692550856322
1692550858382
1692550860432
1692550862452
1692550864488
1692550866519
1692550868568
1692550870610
1692550872652
1692550874681
1692550876718
1692550878779
1692550880799
1692550882842
1692550884902
1692550886955
1692550889004
1692550891058
1692550893085
1692550895122
1692550897149
1692550899197
1692550901260
1692550903312
1692550905337
1692550907348
1692550909393
1692550911446
1692550913502
1692550915533
1692550917563
1692550919594
1692550921636
1692550923695
1692550925720
1692550927747
1692550929782
1692550931824
1692550933869
1692550935888
1692550937930
1692550939986
1692550942020
1692550944051
1692550946098
1692550948126
1692550950160
1692550952198
1692550954234
1692550956260
1692550958312
1692550960349
1692550962387
1692550964442
1692550966497
1692550968532
1692550970558
1692550972585
1692550974627
1692550976700
1692550978723
1692550980757
1692550982785
1692550984850
1692550986902
1692550988955
1692550990987
1692550993026
1692550995050
1692550997088
1692550999144
1692551001187
1692551003223
1692551005279
1692551007318
1692551009346
1692551011396
1692551013435
1692551015476
1692551017511
1692551019540
1692551021566
1692551023618
1692551025659
1692551027703
1692551029749
1692551031799
1692551033839
1692551035868
1692551037925
1692551039965
1692551042010
1692551044053
1692551046092
1692551048126
1692551050175
1692551052218
1692551054266
1692551056317
1692551058360
1692551060401
1692551062434
1692551064471
1692551066529
1692551068572
1692551070620
1692551072643
1692551074690
1692551076726
1692551078770
1692551080812
1692551082852
1692551084898
1692551086937
1692551088984
1692551091044
1692551093090
1692551095130
1692551097176
1692551099216
1692551101259
1692551103299
1692551105347
1692551107396
1692551109427
1692551111471
1692551113513
1692551115563
1692551117619
1692551119663
1692551121712
1692551123745
1692551125793
1692551127836
1692551129871
1692551131913
1692551133962
1692551136013
1692551138062
1692551140096
1692551142142
1692551144182
1692551146220
1692551148273
1692551150317
1692551152359
1692551154397
1692551156446
1692551158490
1692551160526
1692551162561
1692551164607
1692551166648
1692551168701
1692551170746
1692551172786
1692551174823
1692551176850
1692551178894
1692551180925
1692551182992
1692551185045
1692551187075
1692551189121
1692551191170
1692551193233
1692551195241
1692551197289
1692551199343
1692551201399
1692551203444
1692551205487
1692551207531
1692551209571
1692551211610
1692551213656
1692551215692
1692551217721
1692551219773
1692551221826
1692551223871
1692551225918
1692551227957
1692551230006
1692551232057
1692551234104
1692551236147
1692551238185
1692551240222
1692551242257
1692551244307
1692551246356
1692551248386
1692551250424
1692551252465
1692551254509
1692551256562
1692551258592
1692551260636
1692551262679
1692551264733
1692551266783
1692551268810
1692551270854
1692551272892
1692551274945
1692551276993
1692551279026
1692551281069
1692551283111
1692551285138
1692551287175
1692551289209
1692551291262
1692551293286
1692551295311
1692551297343
1692551299390
1692551301447
1692551303502
1692551305549
1692551307598
1692551309635
1692551311682
1692551313731
1692551315778
1692551317825
1692551319871
1692551321922
1692551323969
1692551326022
1692551328078
1692551330123
1692551332174
1692551334229
1692551336285
1692551338325
1692551340385
1692551342422
1692551344469
1692551346502
1692551348560
1692551350610
1692551352643
1692551354693
1692551356750
1692551358782
1692551360816
1692551362863
1692551364906
1692551366946
1692551369003
1692551371032
1692551373041
1692551375081
1692551377123
1692551379176
1692551381233
1692551383292
1692551385346
1692551387386
1692551389430
1692551391480
1692551393521
1692551395581
1692551397627
1692551399648
1692551401675
1692551403722
1692551405754
1692551407798
1692551409845
1692551411876
1692551413931
1692551415966
1692551417986
1692551420019
1692551422063
1692551424082
1692551426145
1692551428204
1692551430237
1692551432267
1692551434312
1692551436358
1692551438403
1692551440423
1692551442456
1692551444489
1692551446536
1692551448567
1692551450596
1692551452655
1692551454677
1692551456707
1692551458737
1692551460768
1692551462813
1692551464857
1692551466894
1692551468940
1692551470985
1692551473018
1692551475064
1692551477103
1692551479157
1692551481187
1692551483240
1692551485296
1692551487346
1692551489400
1692551491450
1692551493499
1692551495547
1692551497590
1692551499637
1692551501678
1692551503725
1692551505780
1692551507812
1692551509864
1692551511920
1692551513968
1692551516013
1692551518065
1692551520112
1692551522148
1692551524197
1692551526235
1692551528293
1692551530332
1692551532373
1692551534419
1692551536461
1692551538494
1692551540548
1692551542585
1692551544629
1692551546674
1692551548707
1692551550752
1692551552800
1692551554833
1692551556893
1692551558954
1692551560989
1692551563015
1692551565049
1692551567080
1692551569117
1692551571176
1692551573234
1692551575253
1692551577284
1692551579329
1692551581361
1692551583408
1692551585440
1692551587484
1692551589516
1692551591549
1692551593593
1692551595612
1692551597646
1692551599691
1692551601737
1692551603784
1692551605842
1692551607859
1692551609900
1692551611946
1692551613997
1692551616048
1692551618097
1692551620142
1692551622194
1692551624245
1692551626296
1692551628345
1692551630396
1692551632443
1692551634493
1692551636542
1692551638581
1692551640637
1692551642684
1692551644737
1692551646789
1692551648843
1692551650892
1692551652951
1692551654999
1692551657050
1692551659091
1692551661139
1692551663188
1692551665236
1692551667291
1692551669339
1692551671386
1692551673439
1692551675467
1692551677517
1692551679569
1692551681607
1692551683659
1692551685700
1692551687754
1692551689803
1692551691856
1692551693900
1692551695953
1692551698002
1692551700061
1692551702107
1692551704143
1692551706187
1692551708243
1692551710288
1692551712327
1692551714374
1692551716425
1692551718457
1692551720518
1692551722558
1692551724612
1692551726646
1692551728695
1692551730751
1692551732796
1692551734844
1692551736885
1692551738937
1692551740972
1692551743033
1692551745060
1692551747110
1692551749145
1692551751177
1692551753233
1692551755281
1692551757324
1692551759377
1692551761408
1692551763456
1692551765502
1692551767552
1692551769581
1692551771628
1692551773669
1692551775712
1692551777749
1692551779798
1692551781838
1692551783880
1692551785920
1692551787979
1692551790022
1692551792070
1692551794101
1692551796141
1692551798188
1692551800243
1692551802292
1692551804339
1692551806378
1692551808431
1692551810483
1692551812512
1692551814550
1692551816564
1692551818602
1692551820639
1692551822690
1692551824738
1692551826780
1692551828832
1692551830870
1692551832904
1692551834937
1692551836977
1692551839023
1692551841059
1692551843103
1692551845138
1692551847188
1692551849231
1692551851271
1692551853302
1692551855339
1692551857374
1692551859430
1692551861461
1692551863519
1692551865559
1692551867599
1692551869651
1692551871689
1692551873736
1692551875782
1692551877815
1692551879865
1692551881898
1692551883946
1692551885993
1692551888029
1692551890067
1692551892121
1692551894168
1692551896219
1692551898272
1692551900323
1692551902368
1692551904408
1692551906461
1692551908503
1692551910541
1692551912588
1692551914633
1692551916686
1692551918737
1692551920779
1692551922825
1692551924852
1692551926909
1692551928952
1692551930997
1692551933041
1692551935076
1692551937136
1692551939157
1692551941207
1692551943252
1692551945280
1692551947302
1692551949341
1692551951386
1692551953438
1692551955492
1692551957552
1692551959608
1692551961649
1692551963693
1692551965735
1692551967789
1692551969830
1692551971874
1692551973898
1692551975932
1692551977990
1692551980009
1692551982048
1692551984084
1692551986117
1692551988164
1692551990180
1692551992240
1692551994268
1692551996291
1692551998318
1692552000373
1692552002429
1692552004475
1692552006506
1692552008564
1692552010591
1692552012636
1692552014682
1692552016721
1692552018757
1692552020807
1692552022847
1692552024879
1692552026937
1692552028979
1692552031014
1692552033041
1692552035101
1692552037144
1692552039179
1692552041224
1692552043269
1692552045311
1692552047348
1692552049398
1692552051445
1692552053492
1692552055516
1692552057555
1692552059589
1692552061622
1692552063672
1692552065719
1692552067752
1692552069791
1692552071844
1692552073881
1692552075918
1692552077972
1692552080019
1692552082067
1692552084104
1692552086143
1692552088202
1692552090219
1692552092262
1692552094311
1692552096354
1692552098406
1692552100449
1692552102485
1692552104536
1692552106573
1692552108610
1692552110661
1692552112694
1692552114749
1692552116783
1692552118836
1692552120883
1692552122910
1692552124959
1692552127002
1692552129065
1692552131114
1692552133137
1692552135188
1692552137216
1692552139269
1692552141293
1692552143336
1692552145367
1692552147405
1692552149451
1692552151477
1692552153522
1692552155558
1692552157608
1692552159650
1692552161687
1692552163741
1692552165776
1692552167826
1692552169854
1692552171905
1692552173955
1692552175986
1692552178014
1692552180050
1692552182092
1692552184141
1692552186189
1692552188224
1692552190270
1692552192294
1692552194353
1692552196390
1692552198421
1692552200466
1692552202513
1692552204551
1692552206592
1692552208628
1692552210662
1692552212705
1692552214744
1692552216799
1692552218832
1692552220874
1692552222906
1692552224952
1692552226998
1692552229038
1692552231057
1692552233110
1692552235155
1692552237205
1692552239260
1692552241288
1692552243348
1692552245385
1692552247440
1692552249466
1692552251516
1692552253552
1692552255596
1692552257657
1692552259689
1692552261706
1692552263756
1692552265789
1692552267835
1692552269860
1692552271889
1692552273942
1692552275970
1692552278018
1692552280057
1692552282070
1692552284092
1692552286130
1692552288164
1692552290227
1692552292265
1692552294306
1692552296348
1692552298394
1692552300450
1692552302471
1692552304532
1692552306582
1692552308643
1692552310669
1692552312706
1692552314745
1692552316764
1692552318822
1692552320854
1692552322908
1692552324927
1692552326950
1692552328997
1692552331041
1692552333084
1692552335103
1692552337157
1692552339204
1692552341240
1692552343285
1692552345315
1692552347352
1692552349375
1692552351383
1692552353425
1692552355453
1692552357476
1692552359519
1692552361563
1692552363571
1692552365610
1692552367641
1692552369669
1692552371723
1692552373784
1692552375814
1692552377853
1692552379872
1692552381906
1692552383949
1692552386017
1692552388050
1692552390118
