1692622763058
1692622768959
1692622774866
1692622780782
1692622786600
1692622792571
1692622798487
1692622804389
1692622810200
1692622816180
1692622822089
1692622827914
1692622833804
1692622839780
1692622845668
1692622851496
1692622857466
1692622863380
1692622869184
1692622875086
1692622881060
1692622886893
1692622892776
1692622898670
1692622904576
1692622910481
1692622916475
1692622922355
1692622928243
1692622934065
1692625334548
1692625343853
1692625353160
1692625362463
1692625371760
1692625381070
1692625390363
1692625399672
1692625408994
1692625418321
1692625427652
1692625436993
1692625446309
1692625455609
1692625464903
1692625474226
1692625483541
1692625492865
1692625502172
1692625511477
1692625520795
1692625530105
1692625539418
1692625548731
1692625558027
1692625567358
1692625576701
1692625586015
1692625595331
1692625604671
1692625614004
1692625623343
1692625632633
1692625641929
1692625651244
1692625660561
1692625669870
1692625679187
1692625688579
1692625697812
1692625707113
1692625716443
1692625725799
1692625735139
1692625744481
1692625753788
1692625763144
1692625772458
1692625781762
1692625791074
1692625800380
1692625809687
1692625818991
1692625828302
1692625837601
1692625846906
1692625856236
1692625865541
1692625874831
1692625884151
1692625893471
1692625902806
1692625912151
1692625921570
1692625930796
1692625940106
1692625949417
1692625958728
1692625968035
1692625977346
1692625986654
1692625995967
1692626005273
1692626014542
1692626023910
1692626033139
1692626042442
1692626051741
1692626061046
1692626070356
1692626079657
1692626088977
1692626098271
1692626107574
1692626116972
1692626126205
1692626135513
1692626144838
1692626154154
1692626163481
1692626172779
1692626182108
1692626191425
1692626200762
1692626210095
1692626219452
1692626228768
1692626238051
1692626247362
1692626256694
1692626265975
1692626275313
1692626284743
1692626293983
1692626303367
1692626312604
1692626321906
1692626331223
1692626340530
1692626349830
1692626359137
1692626368449
1692626377766
1692626387078
1692626396383
1692626405693
1692626415031
1692626424370
1692626433728
1692626443057
1692626452363
1692626461664
1692626470918
1692626480207
1692626489547
1692626498954
1692626508181
1692626517476
1692626526786
1692626536068
1692626545340
1692626554621
1692626563938
1692626573348
1692626582598
1692626591921
1692626601267
1692626610597
1692626619937
1692626629272
1692626638590
1692626647922
1692626657268
1692626666587
1692626675884
1692626685201
1692626694539
1692626703846
1692626713192
1692626722530
1692626731872
1692626741204
1692626750547
1692626759868
1692626769197
1692626778524
1692626787863
1692626797211
1692626806561
1692626815897
1692626825241
1692626834572
1692626843899
1692626853243
1692626862571
1692626871894
1692626881242
1692626890564
1692626899907
1692626909229
1692626918550
1692626927893
1692626937207
1692626946539
1692626955874
1692626965224
1692626974561
1692626983895
1692626993229
1692627002568
1692627011906
1692627021198
1692627030489
1692627039821
1692627049151
1692627058436
1692627067772
1692627077081
1692627086364
1692627095617
1692627104925
1692627114244
1692627123542
1692627132848
1692627142160
1692627151488
1692627160833
1692627170111
1692627179422
1692627188726
1692627198037
1692627207320
1692627216609
1692627225926
1692627235222
1692627244520
1692627253844
1692627263159
1692627272482
1692627281819
1692627291138
1692627300413
1692627309708
1692627318962
1692627328364
1692627337602
1692627346926
1692627356227
1692627365534
1692627374825
1692627384180
1692627393509
1692627402829
1692627412168
1692627421459
1692627430782
1692627440110
1692627449524
1692627458787
1692627468108
1692627477455
1692627486799
1692627496130
1692627505454
1692627514793
1692627524121
1692627533446
1692627542754
1692627552093
1692627561440
1692627570783
1692627580126
1692627589453
1692627598779
1692627608087
1692627617417
1692627626762
1692627636086
1692627645437
1692627654755
1692627664168
1692627673433
1692627682768
1692627692102
1692627701440
1692627710777
1692627720194
1692627729456
1692627738798
1692627748150
1692627757484
1692627766813
1692627776137
1692627785472
1692627794812
1692627804145
1692627813489
1692627822835
1692627832141
1692627841493
1692627850794
1692627860085
1692627869372
1692627878695
1692627888008
1692627897317
1692627906651
1692627915959
1692627925259
1692627934563
1692627943855
1692627953160
1692627962492
1692627971775
1692627981087
1692627990391
1692627999692
1692628009002
1692628018304
1692628027637
1692628036958
1692628046304
1692628055650
1692628064944
1692628074250
1692628083547
1692628092853
1692628102159
1692628111474
1692628120822
1692628130098
1692628139406
1692628148716
1692628158034
1692628167369
1692628176701
1692628185978
1692628195280
1692628204583
1692628213884
1692628223198
1692628232536
1692628241866
1692628251186
1692628260499
1692628269814
1692628279127
1692628288461
1692628297879
1692628307121
1692628316411
1692628325758
1692628335041
1692628344365
1692628353693
1692628363006
1692628372356
1692628381700
1692628391003
1692628400333
1692628409668
1692628418991
1692628428330
1692628437677
1692628447003
1692628456335
1692628465741
1692628474963
1692628484305
1692628493630
1692628502985
1692628512329
1692628521671
1692628531019
1692628540365
1692628549707
1692628559041
1692628568376
1692628577723
1692628587124
1692628596392
1692628605748
1692628615077
1692628624417
1692628633760
1692628643091
1692628652409
1692628661754
1692628671095
1692628680505
1692628689766
1692628699118
1692628708421
1692628717749
1692628727082
1692628736420
1692628745741
1692628755074
1692628764397
1692628773741
1692628783083
1692628792418
1692628801759
1692628811086
1692628820402
1692628829733
1692628839075
1692628848387
1692628857709
1692628867010
1692628876296
1692628885645
1692628894985
1692628904337
1692628913696
1692628922991
1692628932327
1692628941659
1692628950999
1692628960324
1692628969754
1692628978998
1692628988345
1692628997662
1692629007014
1692629016356
1692629025687
1692629035030
1692629044357
1692629053682
1692629062983
1692629072317
1692629081656
1692629090982
1692629100284
1692629109538
1692629118831
1692629128136
1692629137466
1692629146799
1692629156126
1692629165461
1692629174800
1692629184127
1692629193468
1692629202807
1692629212135
1692629221472
1692629230811
1692629240154
1692629249485
1692629258833
1692629268189
1692629277517
1692629286851
1692629296167
1692629305498
1692629314777
1692629324091
1692629333424
1692629342722
1692629352054
1692629361361
1692629370689
1692629380033
1692629389357
1692629398689
1692629408012
1692629417333
1692629426641
1692629435955
1692629445301
1692629454653
1692629463976
1692629473300
1692629482617
1692629491935
1692629501225
1692629510549
1692629519870
1692629529179
1692629538501
1692629547815
1692629557143
1692629566455
1692629575775
1692629585081
1692629594376
1692629603669
1692629612975
1692629622272
1692629631576
1692629640878
1692629650195
1692629659529
1692629668867
1692629678202
1692629687544
1692629696868
1692629706205
1692629715525
1692629724844
1692629734159
1692629743484
1692629752829
1692629762153
1692629771520
1692629780771
1692629790084
1692629799420
1692629808730
1692629818055
1692629827370
1692629836692
1692629846019
1692629855312
1692629864601
1692629873894
1692629883189
1692629892505
1692629901788
1692629911113
1692629920425
1692629929752
1692629939084
1692629948446
1692629957798
1692629967144
1692629976492
1692629985777
