1692561944820
1692561946863
1692561948917
1692561950938
1692561952993
1692561955027
1692561957075
1692561959133
1692561961170
1692561963204
1692561965256
1692561967305
1692561969326
1692561971378
1692561973394
1692561975438
1692561977477
1692561979583
1692561981535
1692561983580
1692561985636
1692561987681
1692561989715
1692561991758
1692561993804
1692561995828
1692561997885
1692562000011
1692562001956
1692562003991
1692562006036
1692562008072
1692562010102
1692562012151
1692562014192
1692562016237
1692562018268
1692562020317
1692562022358
1692562024394
1692562026413
1692562028473
1692562030509
1692562032551
1692562034593
1692562036625
1692562038664
1692562040695
1692562042731
1692562044769
1692562046780
1692562048838
1692562050868
1692562052916
1692562054934
1692562056982
1692562059024
1692562061084
1692562063116
1692562065162
1692562067209
1692562069255
1692562071308
1692562073345
1692562075386
1692562077411
1692562079452
1692562081505
1692562083549
1692562085592
1692562087636
1692562089689
1692562091719
1692562093765
1692562095818
1692562097856
1692562099892
1692562102012
1692562103983
1692562106000
1692562108042
1692562110099
1692562112140
1692562114182
1692562116246
1692562118263
1692562120318
1692562122373
1692562124411
1692562126458
1692562128495
1692562130536
1692562132562
1692562134586
1692562136632
1692562138676
1692562140725
1692562142768
1692562144812
1692562146862
1692562148899
1692562150949
1692562152972
1692562155029
1692562157059
1692562159115
1692562161133
1692562163173
1692562165220
1692562167254
1692562169309
1692562171346
1692562173380
1692562175410
1692562177458
1692562179481
1692562181595
1692562183533
1692562185573
1692562187609
1692562189623
1692562191677
1692562193705
1692562195731
1692562197769
1692562199812
1692562201951
1692562203912
1692562205951
1692562207981
1692562210007
1692562212022
1692562214056
1692562216078
1692562218110
1692562220151
1692562222191
1692562224234
1692562226264
1692562228286
1692562230321
1692562232347
1692562234369
1692562236430
1692562238449
1692562240478
1692562242519
1692562244552
1692562246596
1692562248651
1692562250683
1692562252706
1692562254749
1692562256794
1692562258858
1692562260894
1692562262952
1692562264979
1692562267041
1692562269077
1692562271096
1692562273135
1692562275155
1692562277195
1692562279231
1692562281276
1692562283318
1692562285353
1692562287388
1692562289395
1692562291424
1692562293459
1692562295598
1692562297555
1692562299601
1692562301635
1692562303666
1692562305719
1692562307748
1692562309780
1692562311832
1692562313860
1692562315900
1692562317939
1692562319978
1692562322023
1692562324049
1692562326114
1692562328130
1692562330164
1692562332219
1692562334237
1692562336285
1692562338330
1692562340381
1692562342418
1692562344470
1692562346508
1692562348541
1692562350585
1692562352609
1692562354662
1692562356716
1692562358761
1692562360796
1692562362842
1692562364981
1692562366919
1692562368966
1692562370986
1692562373032
1692562375082
1692562377140
1692562379176
1692562381218
1692562383244
1692562385371
1692562387335
1692562389369
1692562391415
1692562393454
1692562395493
1692562397551
1692562399604
1692562401621
1692562403672
1692562405713
1692562407749
1692562409790
1692562411842
1692562413963
1692562415907
1692562417948
1692562419974
1692562422014
1692562424066
1692562426113
1692562428145
1692562430200
1692562432224
1692562434267
1692562436305
1692562438352
1692562440373
1692562442420
1692562444478
1692562446516
1692562448550
1692562450592
1692562452644
1692562454688
1692562456734
1692562458787
1692562460830
1692562462877
1692562464894
1692562466927
1692562468971
1692562470991
1692562473035
1692562475085
1692562477127
1692562479147
1692562481179
1692562483215
1692562485251
1692562487280
1692562489316
1692562491341
1692562493368
1692562495408
1692562497448
1692562499478
1692562501506
1692562503564
1692562505670
1692562507634
1692562509684
1692562511726
1692562513761
1692562515791
1692562517847
1692562519864
1692562521910
1692562523967
1692562526002
1692562528036
1692562530071
1692562532110
1692562534139
1692562536183
1692562538218
1692562540249
1692562542369
1692562544326
1692562546380
1692562548409
1692562550443
1692562552467
1692562554511
1692562556540
1692562558573
1692562560620
1692562562649
1692562564682
1692562566719
1692562568740
1692562570771
1692562572794
1692562574826
1692562576856
1692562578885
1692562580930
1692562582977
1692562585036
1692562587071
1692562589112
1692562591147
1692562593181
1692562595226
1692562597273
1692562599330
1692562601380
1692562603411
1692562605434
1692562607486
1692562609539
1692562611581
1692562613621
1692562615654
1692562617713
1692562619772
1692562621901
1692562623847
1692562625901
1692562627933
1692562629973
1692562632003
1692562634048
1692562636085
1692562638208
1692562640171
1692562642199
1692562644258
1692562646296
1692562648350
1692562650387
1692562652441
1692562654486
1692562656622
1692562658588
1692562660635
1692562662673
1692562664734
1692562666781
1692562668800
1692562670839
1692562672884
1692562674922
1692562676962
1692562678998
1692562681036
1692562683092
1692562685127
1692562687181
1692562689285
1692562691264
1692562693315
1692562695453
1692562697416
1692562699443
1692562701503
1692562703541
1692562705592
1692562707625
1692562709672
1692562711736
1692562713762
1692562715810
1692562717852
1692562719893
1692562721926
1692562724036
1692562726002
1692562728029
1692562730055
1692562732106
1692562734141
1692562736181
1692562738207
1692562740352
1692562742301
1692562744335
1692562746399
1692562748430
1692562750447
1692562752489
1692562754522
1692562756570
1692562758613
1692562760648
1692562762693
1692562764736
1692562766761
1692562768810
1692562770854
1692562772904
1692562774951
1692562776983
1692562779018
1692562781056
1692562783094
1692562785126
1692562787168
1692562789224
1692562791256
1692562793295
1692562795336
1692562797363
1692562799418
1692562801460
1692562803505
1692562805553
1692562807588
1692562809610
1692562811654
1692562813700
1692562815825
1692562817786
1692562819830
1692562821891
1692562824024
1692562825970
1692562828000
1692562830054
1692562832094
1692562834128
1692562836173
1692562838207
1692562840263
1692562842366
1692562844339
1692562846375
1692562848492
1692562850530
1692562852469
1692562854524
1692562856571
1692562858609
1692562860623
1692562862660
1692562864717
1692562866765
1692562868785
1692562870831
1692562872881
1692562874938
1692562876979
1692562879033
1692562881056
1692562883074
1692562885116
1692562887162
1692562889186
1692562891240
1692562893272
1692562895310
1692562897338
1692562899369
1692562901417
1692562903540
1692562905497
1692562907511
1692562909628
1692562911595
1692562913634
1692562915667
1692562917712
1692562919768
1692562921888
1692562923868
1692562925916
1692562927954
1692562929985
1692562932033
1692562934080
1692562936121
1692562938157
1692562940189
1692562942233
1692562944280
1692562946326
1692562948359
1692562950400
1692562952445
1692562954491
1692562956529
1692562958573
1692562960613
1692562962650
