1692563348701
1692563350731
1692563352769
1692563354889
1692563356846
1692563358879
1692563360908
1692563362947
1692563364993
1692563367026
1692563369068
1692563371110
1692563373155
1692563375188
1692563377232
1692563379262
1692563381313
1692563383361
1692563385412
1692563387448
1692563389468
1692563391500
1692563393545
1692563395582
1692563397630
1692563399662
1692563401697
1692563403753
1692563405780
1692563407816
1692563409848
1692563411900
1692563413926
1692563415973
1692563418046
1692563420088
1692563422133
1692563424182
1692563426195
1692563428237
1692563430294
1692563432323
1692563434375
1692563436383
1692563438418
1692563440465
1692563442506
1692563444540
1692563446588
1692563448620
1692563450676
1692563452717
1692563454754
1692563456800
1692563458848
1692563460901
1692563462931
1692563464975
1692563467017
1692563469047
1692563471083
1692563473119
1692563475135
1692563477167
1692563479200
1692563481244
1692563483286
1692563485314
1692563487344
1692563489398
1692563491419
1692563493458
1692563495483
1692563497492
1692563499538
1692563501581
1692563503631
1692563505669
1692563507689
1692563509734
1692563511762
1692563513800
1692563515837
1692563517862
1692563519892
1692563521940
1692563523958
1692563526092
1692563528051
1692563530104
1692563532155
1692563534189
1692563536216
1692563538263
1692563540304
1692563542434
1692563544371
1692563546518
1692563548478
1692563550496
1692563552539
1692563554571
1692563556618
1692563558648
1692563560679
1692563562717
1692563564746
1692563566779
1692563568824
1692563570862
1692563572904
1692563574939
1692563576995
1692563579048
1692563581091
1692563583113
1692563585154
1692563587295
1692563589255
1692563591301
1692563593343
1692563595377
1692563597432
1692563599465
1692563601509
1692563603551
1692563605606
1692563607618
1692563609665
1692563611703
1692563613752
1692563615767
1692563617808
1692563619861
1692563621900
1692563623950
1692563625986
1692563628035
1692563630087
1692563632112
1692563634170
1692563636197
1692563638220
1692563640262
1692563642309
1692563644342
1692563646386
1692563648409
1692563650445
1692563652478
1692563654530
1692563656580
1692563658628
1692563660666
1692563662712
1692563664744
1692563666796
1692563668838
1692563670876
1692563672918
1692563674946
1692563676980
1692563679007
1692563681044
1692563683095
1692563685131
1692563687161
1692563689211
1692563691240
1692563693283
1692563695330
1692563697468
1692563699422
1692563701470
1692563703532
1692563705553
1692563707607
1692563709618
1692563711648
1692563713661
1692563715704
1692563717735
1692563719770
1692563721809
1692563723846
1692563725897
1692563727925
1692563729956
1692563731985
1692563734041
1692563736070
1692563738186
1692563740138
1692563742161
1692563744195
1692563746247
1692563748288
1692563750341
1692563752394
1692563754433
1692563756488
1692563758533
1692563760581
1692563762604
1692563764658
1692563766686
1692563768721
1692563770769
1692563772797
1692563774814
1692563776849
1692563778883
1692563780915
1692563782950
1692563785082
1692563787051
1692563789081
1692563791115
1692563793153
1692563795202
1692563797245
1692563799283
1692563801319
1692563803363
1692563805386
1692563807505
1692563809456
1692563811502
1692563813532
1692563815582
1692563817627
1692563819644
1692563821772
1692563823727
1692563825773
1692563827819
1692563829873
1692563831906
1692563833949
1692563835980
1692563838026
1692563840047
1692563842090
1692563844128
1692563846169
1692563848209
1692563850250
1692563852281
1692563854292
1692563856335
1692563858368
1692563860415
1692563862464
1692563864522
1692563866561
1692563868596
1692563870624
1692563872671
1692563874705
1692563876737
1692563878772
1692563880810
1692563882830
1692563884867
1692563886923
1692563888976
1692563890992
1692563893042
1692563895093
1692563897109
1692563899155
1692563901209
1692563903239
1692563905277
1692563907318
1692563909377
1692563911409
1692563913462
1692563915503
1692563917544
1692563919587
1692563921715
1692563923647
1692563925694
1692563927725
1692563929785
1692563931812
1692563933859
1692563935901
1692563937953
1692563939994
1692563942034
1692563944079
1692563946111
1692563948140
1692563950175
1692563952220
1692563954271
1692563956309
1692563958361
1692563960415
1692563962455
1692563964504
1692563966546
1692563968595
1692563970633
1692563972674
1692563974728
1692563976780
1692563978817
1692563980869
1692563982909
1692563984948
1692563987000
1692563989055
1692563991098
1692563993148
1692563995206
1692563997262
1692563999308
1692564001357
1692564003394
1692564005447
1692564007477
1692564009520
1692564011573
1692564013617
1692564015669
1692564017700
1692564019741
1692564021784
1692564023831
1692564025879
1692564027930
1692564029982
1692564032019
1692564034073
1692564036128
1692564038173
1692564040224
1692564042266
1692564044316
1692564046365
1692564048408
1692564050458
1692564052509
1692564054565
1692564056618
1692564058669
1692564060719
1692564062762
1692564064809
1692564066862
1692564068909
1692564070961
1692564073012
1692564075064
1692564077113
1692564079162
1692564081209
1692564083261
1692564085314
1692564087367
1692564089417
1692564091470
1692564093518
1692564095567
1692564097619
1692564099673
1692564101723
1692564103784
1692564105920
1692564107884
1692564109936
1692564111986
1692564114027
1692564116080
1692564118134
1692564120184
1692564122231
1692564124283
1692564126338
1692564128392
1692564130426
1692564132473
1692564134522
1692564136572
1692564138625
1692564140681
1692564142722
1692564144764
1692564146806
1692564148851
1692564150978
1692564153041
1692564154997
1692564157041
1692564159095
1692564161127
1692564163173
1692564165222
1692564167274
1692564169326
1692564171379
1692564173430
1692564175484
1692564177523
1692564179667
1692564181625
1692564183674
1692564185823
1692564187784
1692564189833
1692564191886
1692564193936
1692564195988
1692564198025
1692564200078
1692564202132
1692564204179
1692564206230
1692564208279
1692564210316
1692564212452
1692564214411
1692564216464
1692564218517
1692564220568
1692564222619
1692564224668
1692564226724
1692564228776
1692564230829
1692564232877
1692564234929
1692564236967
1692564239019
1692564241055
1692564243109
1692564245146
1692564247196
1692564249341
1692564251303
1692564253353
1692564255496
1692564257458
1692564259510
1692564261559
1692564263599
1692564265652
1692564267706
1692564269738
1692564271788
1692564273804
1692564275821
1692564277865
1692564279896
1692564281936
1692564283960
1692564285999
1692564288112
1692564290068
1692564292116
1692564294131
1692564296161
1692564298186
1692564300217
1692564302249
1692564304275
1692564306306
1692564308362
1692564310405
1692564312443
1692564314481
1692564316519
1692564318646
1692564320615
1692564322647
1692564324660
1692564326680
1692564328701
1692564330735
1692564332773
1692564334812
1692564336858
1692564338911
1692564340946
1692564342985
1692564345030
1692564347170
1692564349103
1692564351146
1692564353263
1692564355210
1692564357256
1692564359282
1692564361315
1692564363367
1692564365414
1692564367467
