1692535946803
1692535948831
1692535950856
1692535952891
1692535954938
1692535956985
1692535959002
1692535961025
1692535963051
1692535965063
1692535967077
1692535969094
1692535971129
1692535973153
1692535975180
1692535977216
1692535979233
1692535981251
1692535983262
1692535985278
1692535987301
1692535989323
1692535991331
1692535993362
1692535995380
1692535997405
1692535999426
1692536001446
1692536003460
1692536005476
1692536007487
1692536009500
1692536011518
1692536013532
1692536015558
1692536017581
1692536019602
1692536021618
1692536023632
1692536025659
1692536027684
1692536029715
1692536031738
1692536033761
1692536035771
1692536037792
1692536039809
1692536041837
1692536043859
1692536045875
1692536047898
1692536049915
1692536051938
1692536053959
1692536055974
1692536057995
1692536060012
1692536062047
1692536064072
1692536066092
1692536068112
1692536070122
1692536072136
1692536074159
1692536076184
1692536078193
1692536080223
1692536082244
1692536084255
1692536086275
1692536088292
1692536090315
1692536092337
1692536094354
1692536096372
1692536098392
1692536100420
1692536102455
1692536104468
1692536106492
1692536108502
1692536110522
1692536112542
1692536114556
1692536116588
1692536118607
1692536120627
1692536122656
1692536124672
1692536126683
1692536128714
1692536130729
1692536132747
1692536134767
1692536136790
1692536138822
1692536140856
1692536142869
1692536144891
1692536146908
1692536148920
1692536150955
1692536152979
1692536154988
1692536156994
1692536159023
1692536161038
1692536163094
1692536165137
1692536167158
1692536169168
1692536171190
1692536173216
1692536175231
1692536177260
1692536179297
1692536181338
1692536183389
1692536185418
1692536187450
1692536189477
1692536191517
1692536193545
1692536195568
1692536197590
1692536199632
1692536201666
1692536203680
1692536205698
1692536207727
1692536209754
1692536211774
1692536213816
1692536215841
1692536217890
1692536219914
1692536221947
1692536223950
1692536225984
1692536228002
1692536230035
1692536232063
1692536234095
1692536236115
1692536238138
1692536240154
1692536242166
1692536244219
1692536246248
1692536248285
1692536250316
1692536252333
1692536254376
1692536256385
1692536258408
1692536260440
1692536262455
1692536264484
1692536266499
1692536268532
1692536270562
1692536272575
1692536274592
1692536276628
1692536278663
1692536280683
1692536282692
1692536284707
1692536286736
1692536288766
1692536290780
1692536292790
1692536294809
1692536296823
1692536298843
1692536300885
1692536302924
1692536304941
1692536306985
1692536309031
1692536311051
1692536313074
1692536315095
1692536317130
1692536319148
1692536321168
1692536323196
1692536325218
1692536327251
1692536329267
1692536331288
1692536333303
1692536335307
1692536337332
1692536339360
1692536341380
1692536343392
1692536345412
1692536347427
1692536349459
1692536351483
1692536353498
1692536355510
1692536357537
1692536359550
1692536361572
1692536363597
1692536365611
1692536367665
1692536369693
1692536371717
1692536373739
1692536375768
1692536377787
1692536379806
1692536381833
1692536383855
1692536385879
1692536387915
1692536389944
1692536391965
1692536393986
1692536395996
1692536398018
1692536400036
1692536402050
1692536404079
1692536406103
1692536408120
1692536410139
1692536412168
1692536414229
1692536416239
1692536418271
1692536420312
1692536422327
1692536424356
1692536426371
1692536428394
1692536430422
1692536432461
1692536434481
1692536436510
1692536438539
1692536440556
1692536442565
1692536444585
1692536446613
1692536448632
1692536450656
1692536452677
1692536454690
1692536456716
1692536458735
1692536460763
1692536462784
1692536464805
1692536466830
1692536468856
1692536470882
1692536472898
1692536474917
1692536476946
1692536478970
1692536480999
1692536483017
1692536485030
1692536487055
1692536489089
1692536491114
1692536493133
1692536495173
1692536497188
1692536499211
1692536501227
1692536503252
1692536505283
1692536507306
1692536509329
1692536511349
1692536513358
1692536515375
1692536517406
1692536519431
1692536521454
1692536523479
1692536525502
1692536527534
1692536529565
1692536531602
1692536533623
1692536535648
1692536537674
1692536539705
1692536541739
1692536543764
1692536545784
1692536547799
1692536549837
1692536551861
1692536553882
1692536555897
1692536557919
1692536559931
1692536561951
1692536563967
1692536565988
1692536568003
1692536570027
1692536572042
1692536574057
1692536576086
1692536578094
1692536580118
1692536582132
1692536584165
1692536586191
1692536588211
1692536590353
1692536592286
1692536594304
1692536596324
1692536598342
1692536600361
1692536602376
1692536604387
1692536606406
1692536608426
1692536610460
1692536612484
1692536614522
1692536616542
1692536618559
1692536620574
1692536622595
1692536624606
1692536626631
1692536628653
1692536630669
1692536632695
1692536634716
1692536636737
1692536638761
1692536640781
1692536642804
1692536644815
1692536646829
1692536648860
1692536650883
1692536652895
1692536654928
1692536656964
1692536658988
1692536661012
1692536663025
1692536665051
1692536667074
1692536669094
1692536671123
1692536673176
1692536675192
1692536677210
1692536679236
1692536681258
1692536683278
1692536685297
1692536687318
1692536689336
1692536691367
1692536693382
1692536695393
1692536697417
1692536699431
1692536701446
1692536703466
1692536705489
1692536707506
1692536709535
1692536711554
1692536713561
1692536715583
1692536717615
1692536719628
1692536721654
1692536723671
1692536725696
1692536727719
1692536729738
1692536731758
1692536733774
1692536735788
1692536737799
1692536739827
1692536741845
1692536743866
1692536745884
1692536747910
1692536749934
1692536751952
1692536753981
1692536756002
1692536758011
1692536760045
1692536762072
1692536764082
1692536766125
1692536768141
1692536770155
1692536772176
1692536774184
1692536776218
1692536778248
1692536780291
1692536782315
1692536784328
1692536786336
1692536788369
1692536790391
1692536792417
1692536794442
1692536796474
1692536798504
1692536800523
1692536802542
1692536804559
1692536806582
1692536808605
1692536810633
1692536812653
1692536814670
1692536816691
1692536818706
1692536820730
1692536822748
1692536824772
1692536826799
1692536828823
1692536830849
1692536832872
1692536834889
1692536836913
1692536838932
1692536840953
1692536842975
1692536844996
1692536847017
1692536849037
1692536851059
1692536853078
1692536855102
1692536857127
1692536859153
1692536861168
1692536863189
1692536865211
1692536867228
1692536869247
1692536871279
1692536873303
1692536875321
1692536877342
1692536879367
1692536881399
1692536883416
1692536885434
1692536887443
1692536889463
1692536891480
1692536893500
1692536895525
1692536897552
1692536899577
1692536901598
1692536903620
1692536905645
1692536907668
1692536909699
1692536911719
1692536913737
1692536915756
1692536917774
1692536919809
1692536921841
1692536923862
1692536925883
1692536927901
1692536929925
1692536931954
1692536933980
1692536935995
1692536938037
1692536940058
1692536942087
1692536944106
1692536946130
1692536948144
1692536950169
1692536952199
1692536954219
1692536956238
1692536958259
1692536960275
1692536962292
1692536964310
1692536966328
1692536968351
1692536970375
1692536972394
1692536974422
1692536976442
1692536978463
1692536980483
1692536982505
1692536984528
1692536986548
1692536988557
1692536990590
1692536992625
1692536994643
1692536996668
1692536998691
1692537000712
1692537002732
1692537004758
1692537006773
1692537008792
1692537010809
1692537012832
1692537014854
1692537016875
1692537018896
1692537020915
1692537022941
1692537024966
1692537026985
1692537029010
1692537031037
1692537033056
1692537035074
1692537037097
1692537039128
1692537041151
1692537043181
1692537045200
1692537047223
1692537049260
1692537051279
1692537053306
1692537055327
1692537057341
1692537059364
1692537061396
1692537063416
1692537065435
1692537067460
1692537069479
1692537071497
1692537073513
1692537075531
1692537077632
1692537079586
1692537081603
1692537083628
1692537085649
1692537087683
1692537089703
1692537091723
1692537093746
1692537095778
1692537097797
1692537099820
1692537101843
1692537103870
1692537105885
1692537107897
1692537109914
1692537111923
1692537113952
1692537115967
1692537117990
1692537120009
1692537122048
1692537124055
1692537126080
1692537128094
1692537130120
1692537132158
1692537134163
1692537136197
1692537138208
1692537140228
1692537142267
1692537144275
1692537146285
1692537148305
1692537150333
1692537152359
1692537154386
1692537156412
1692537158440
1692537160454
1692537162484
1692537164503
1692537166518
1692537168545
1692537170558
1692537172579
1692537174614
1692537176637
1692537178652
1692537180674
1692537182692
1692537184710
1692537186735
1692537188772
1692537190804
1692537192912
1692537194844
1692537196871
1692537198878
1692537200926
1692537202969
1692537204988
1692537207008
1692537209021
1692537211052
1692537213068
1692537215108
1692537217139
1692537219168
1692537221188
1692537223200
1692537225222
1692537227252
1692537229271
1692537231305
1692537233324
1692537235346
1692537237369
1692537239380
1692537241402
1692537243425
1692537245444
1692537247460
1692537249473
1692537251489
1692537253514
1692537255548
1692537257583
1692537259610
1692537261626
1692537263675
1692537265703
1692537267731
1692537269743
1692537271751
1692537273773
1692537275807
1692537277822
1692537279864
1692537281880
1692537283910
1692537285933
1692537287958
1692537289984
1692537292004
1692537294031
1692537296047
1692537298067
1692537300081
1692537302103
1692537304145
1692537306170
1692537308198
1692537310218
1692537312248
1692537314270
1692537316291
1692537318315
1692537320340
1692537322363
1692537324374
1692537326386
1692537328413
1692537330434
1692537332457
1692537334481
1692537336508
1692537338528
1692537340561
1692537342568
1692537344615
1692537346649
1692537348659
1692537350680
1692537352695
1692537354728
1692537356777
1692537358800
1692537360820
1692537362842
1692537364860
1692537366881
1692537368893
1692537370917
1692537372945
1692537374959
1692537376974
1692537378987
1692537381008
1692537383017
1692537385035
1692537387057
1692537389073
1692537391081
1692537393106
1692537395129
1692537397155
1692537399174
1692537401180
1692537403205
1692537405217
1692537407234
1692537409264
1692537411289
1692537413306
1692537415350
1692537417364
1692537419391
1692537421406
1692537423420
1692537425460
1692537427482
1692537429494
1692537431514
1692537433549
1692537435582
1692537437601
1692537439625
1692537441650
1692537443672
1692537445694
1692537447709
1692537449737
1692537451761
1692537453780
1692537455808
1692537457845
1692537459866
1692537461891
1692537463917
1692537465950
1692537467972
1692537469983
1692537472000
1692537474038
1692537476063
1692537478105
1692537480116
1692537482133
1692537484169
1692537486182
1692537488208
1692537490229
1692537492258
1692537494276
1692537496296
1692537498316
1692537500351
1692537502370
1692537504380
1692537506384
1692537508419
1692537510441
1692537512462
1692537514507
1692537516529
1692537518547
1692537520567
1692537522592
1692537524619
1692537526632
1692537528647
1692537530664
1692537532699
1692537534725
1692537536753
1692537538797
1692537540816
1692537542836
1692537544853
1692537546872
1692537548882
1692537550896
1692537552930
1692537554954
1692537556959
1692537558985
1692537561013
1692537563037
1692537565058
1692537567080
1692537569100
1692537571118
1692537573148
1692537575176
1692537577201
1692537579220
1692537581237
1692537583254
1692537585281
1692537587296
1692537589315
1692537591342
1692537593366
1692537595398
1692537597415
1692537599423
1692537601437
1692537603447
1692537605465
1692537607501
1692537609530
1692537611564
1692537613576
1692537615591
1692537617610
1692537619634
1692537621649
1692537623673
1692537625680
1692537627711
1692537629744
1692537631772
1692537633784
1692537635819
1692537637833
1692537639857
1692537641879
1692537643890
1692537645911
1692537647927
1692537649947
1692537651959
1692537653980
1692537656007
1692537658026
1692537660042
1692537662069
1692537664118
1692537666146
1692537668177
1692537670204
1692537672232
1692537674259
1692537676278
1692537678291
1692537680312
1692537682333
1692537684354
1692537686383
1692537688414
1692537690429
1692537692478
1692537694492
1692537696504
1692537698521
1692537700538
1692537702556
1692537704564
1692537706582
1692537708602
1692537710623
1692537712644
1692537714659
1692537716683
1692537718721
1692537720740
1692537722762
1692537724782
1692537726821
1692537728844
1692537730859
1692537732885
1692537734896
1692537736926
1692537738950
1692537740963
1692537742991
1692537744999
1692537747022
1692537749041
1692537751101
1692537753112
1692537755127
1692537757144
1692537759167
1692537761190
1692537763208
1692537765239
1692537767259
1692537769374
1692537771315
1692537773346
1692537775356
1692537777376
1692537779398
1692537781419
1692537783438
1692537785454
1692537787477
1692537789486
1692537791506
1692537793520
1692537795534
1692537797570
1692537799607
1692537801633
1692537803649
1692537805665
1692537807694
1692537809724
1692537811742
1692537813750
1692537815766
1692537817784
1692537819827
1692537821853
1692537823876
1692537825896
1692537827914
1692537829931
1692537831970
1692537833992
1692537836012
1692537838027
1692537840056
1692537842165
1692537844101
1692537846116
1692537848139
1692537850156
1692537852177
1692537854190
1692537856224
1692537858236
1692537860254
1692537862274
1692537864302
1692537866317
1692537868370
1692537870392
1692537872418
1692537874436
1692537876461
1692537878476
1692537880486
1692537882511
1692537884537
1692537886548
1692537888563
1692537890583
1692537892619
1692537894633
1692537896652
1692537898677
1692537900692
1692537902710
1692537904730
1692537906754
1692537908802
1692537910814
1692537912832
1692537914883
1692537916897
1692537918916
1692537920932
1692537922964
1692537924993
1692537927044
1692537929078
1692537931114
1692537933138
1692537935157
1692537937182
1692537939207
1692537941227
1692537943245
1692537945270
1692537947290
1692537949311
1692537951409
1692537953351
1692537955371
1692537957395
1692537959418
1692537961444
1692537963471
1692537965491
1692537967520
