1692781181628
1692781200783
1692781219976
1692781239158
1692781258422
1692781277544
1692781296804
1692781315865
1692781334969
1692781354163
1692781373356
1692781392503
1692781411680
1692781430882
1692781450005
1692781469137
1692781488306
1692781507438
1692781526649
1692781545806
1692781564938
1692781584084
1692781603215
1692781622380
1692781641488
1692781660614
1692781679803
1692781698912
1692781718051
1692781737204
1692781756349
1692781775440
1692781794611
1692781813775
1692781832917
1692781852153
1692781871239
1692781890365
1692781909583
1692781928734
1692781947859
1692781966966
1692781986120
1692782005237
1692782024378
1692782043563
1692782062830
1692782081928
1692782101097
1692782120308
1692782139545
1692782158694
1692782177757
1692782196896
1692782216065
1692782235146
1692782254293
1692782273441
1692782292608
1692782311807
1692782330894
1692782350014
1692782369150
1692782388315
1692782407579
1692782426659
1692782445769
1692782465025
1692782484055
1692782503340
1692782522480
1692782541673
1692782560845
1692782580054
1692782599345
1692782618420
1692782637605
1692782656800
1692782676063
1692782695199
1692782714397
1692782733600
1692782752845
1692782772076
1692782791206
1692782810316
1692782829460
1692782848607
1692782867742
1692782886880
1692782906112
1692782925133
1692782944389
1692782963460
1692782982619
1692783001774
1692783020905
1692783040045
1692783059228
1692783078417
1692783097613
1692783116900
1692783135965
1692783155223
1692783174347
1692783193492
1692783212550
1692783231693
1692783250816
1692783269949
1692783289067
1692783308232
1692783327431
1692783346541
1692783365729
1692783384919
1692783404042
1692783423361
1692783442494
1692783461660
1692783480782
1692783499924
1692783519068
1692783538263
1692783557484
1692783576689
1692783595845
1692783614975
1692783634120
1692783653274
1692783672420
1692783691639
1692783710915
1692783730130
1692783749342
1692783768595
1692783787829
1692783806904
1692783826218
1692783845361
1692783864642
1692783883773
1692783903070
1692783922270
1692783941468
1692783960584
1692783979862
1692783999016
1692784018254
1692784037471
1692784056783
1692784075911
1692784095140
1692784114421
1692784133626
1692784152841
1692784172047
1692784191143
1692784210452
1692784229654
1692784248778
1692784267937
1692784287148
1692784306318
1692784325473
1692784344605
1692784363776
1692784382927
1692784402127
1692784421327
1692784440579
1692784459775
1692784478897
1692784498171
1692784517350
1692784536412
1692784555620
1692784574806
1692784594117
1692784613140
1692784632370
1692784651605
1692784670741
1692784689950
1692784709138
1692784728303
1692784747528
1692784766632
1692784785856
1692784804903
1692784824146
1692784843146
1692784862222
1692784881408
1692784900538
1692784919622
1692784938811
1692784957947
1692784977021
1692784996269
1692785015336
1692785034500
1692785053596
1692785072675
1692785091820
1692785110990
1692785130154
1692785149290
1692785168390
1692785187535
1692785206660
1692785225791
1692785244958
1692785264205
1692785283285
1692785302383
1692785321507
1692785340634
1692785359743
1692785378871
1692785398106
1692785417171
1692785436428
1692785455495
1692785474681
1692785493733
1692785512932
1692785531969
1692785551202
1692785570329
1692785589378
1692785608594
1692785627655
1692785646886
1692785665954
1692785685075
1692785704316
1692785723389
1692785742547
1692785761674
1692785780850
1692785800036
1692785819225
1692785838394
1692785857457
1692785876598
1692785895728
1692785914964
1692785934021
1692785953189
1692785972427
1692785991591
1692786010609
1692786029738
1692786048839
1692786067966
1692786087151
1692786106265
1692786125482
1692786144563
1692786163697
1692786182799
1692786201968
1692786221100
1692786240288
1692786259332
1692786278484
1692786297604
1692786316699
1692786335897
1692786355136
1692786374249
1692786393415
1692786412533
1692786431739
1692786450898
1692786469968
1692786489168
1692786508187
1692786527314
1692786546423
1692786565550
1692786584707
1692786603854
1692786622996
1692786642217
1692786661262
1692786680349
1692786699588
1692786718666
1692786737850
1692786756973
1692786776124
1692786795241
1692786814361
1692786833500
1692786852626
1692786871760
1692786890818
1692786909965
1692786929064
1692786948183
1692786967306
1692786986513
1692787005533
1692787024652
1692787043821
1692787062927
1692787082153
1692787101221
1692787120375
1692787139527
1692787158709
1692787177903
1692787197077
1692787216300
1692787235449
1692787254615
1692787273830
1692787293040
1692787312225
1692787331411
1692787350592
1692787369885
1692787388980
1692787408169
1692787427327
1692787446572
1692787465715
1692787485011
1692787504160
1692787523356
1692787542567
1692787561778
1692787581089
1692787600257
1692787619437
1692787638733
1692787657954
1692787677159
1692787696321
1692787715559
1692787734742
1692787754039
1692787773185
1692787792368
1692787811573
1692787830749
1692787849973
1692787869190
1692787888330
1692787907525
1692787926706
1692787945881
1692787965079
1692787984266
1692788003436
1692788022623
1692788041922
1692788061046
1692788080346
1692788099486
1692788118699
1692788137905
1692788157207
1692788176297
1692788195431
1692788214578
1692788233727
1692788252909
1692788272065
1692788291253
1692788310464
1692788329765
1692788348973
1692788368102
1692788387326
1692788406643
1692788425801
1692788445039
1692788464185
1692788483439
1692788502512
1692788521742
1692788540871
1692788560035
1692788579370
1692788598582
1692788617704
1692788636961
1692788656168
1692788675338
1692788694407
1692788713703
1692788732817
1692788751995
1692788771194
1692788790367
1692788809580
1692788828773
1692788847933
1692788867147
1692788886425
1692788905604
1692788924824
1692788943936
1692788963219
1692788982374
1692789001589
1692789020874
1692789040019
1692789059325
1692789078459
1692789097669
1692789116980
1692789136194
1692789155413
1692789174620
1692789193823
1692789213013
1692789232230
1692789251472
1692789270552
1692789289799
1692789308931
1692789328218
1692789347404
1692789366582
1692789385879
1692789404995
1692789424288
1692789443409
1692789462687
1692789481857
1692789500971
1692789520160
1692789539359
1692789558590
1692789577764
1692789596941
1692789616110
1692789635292
1692789654471
1692789673749
1692789692848
1692789712043
1692789731157
1692789750398
1692789769529
1692789788708
1692789807978
1692789827091
1692789846273
1692789865456
1692789884654
1692789903932
1692789923051
1692789942298
1692789961485
1692789980548
1692789999763
1692790019010
1692790038132
1692790057417
1692790076539
1692790095811
1692790114936
1692790134129
1692790153419
1692790172597
1692790191727
1692790210967
1692790230101
1692790249339
1692790268549
1692790287769
1692790307058
1692790326286
1692790345499
1692790364716
1692790383830
1692790403139
1692790422341
1692790441482
1692790460790
1692790479998
1692790499127
1692790518404
1692790537544
1692790556861
1692790575972
1692790595181
1692790614460
1692790633635
1692790652847
1692790672061
1692790691295
1692790710426
1692790729658
1692790748856
