1692802175761
1692802194908
1692802214102
1692802233380
1692802252492
1692802271627
1692802290800
1692802310032
1692802329134
1692802348347
1692802367507
1692802386684
1692802405907
1692802425093
1692802444279
1692802463434
1692802482632
1692802501913
1692802521044
1692802540182
1692802559355
1692802578537
1692802597704
1692802616863
1692802636027
1692802655199
1692802674361
1692802693540
1692802712706
1692802731900
1692802751071
1692802770221
1692802789401
1692802808572
1692802827742
1692802846991
1692802866049
1692802885230
1692802904491
1692802923587
1692802942775
1692802961958
1692802981133
1692803000300
1692803019473
1692803038653
1692803057845
1692803077040
1692803096211
1692803115470
1692803134574
1692803153848
1692803172911
1692803192117
1692803211305
1692803230543
1692803249662
1692803268928
1692803288041
1692803307270
1692803326458
1692803345621
1692803364836
1692803383984
1692803403150
1692803422333
1692803441493
1692803460693
1692803479930
1692803499150
1692803518497
1692803537525
1692803556703
1692803575983
1692803595105
1692803614283
1692803633552
1692803652724
1692803671807
1692803691013
1692803710177
1692803729366
1692803748656
1692803767818
1692803786927
1692803806106
1692803825246
1692803844440
1692803863670
1692803882739
1692803902036
1692803921252
1692803940417
1692803959530
1692803978691
1692803997886
1692804017068
1692804036269
1692804055472
1692804074680
1692804093894
1692804113100
1692804132341
1692804151522
1692804170753
1692804190032
1692804209164
1692804228367
1692804247640
1692804266770
1692804286054
1692804305192
1692804324368
1692804343642
1692804362838
1692804382053
1692804401253
1692804420316
1692804439491
1692804458765
1692804477853
1692804497057
1692804516248
1692804535522
1692804554737
1692804573863
1692804593048
1692804612218
1692804631394
1692804650567
1692804669726
1692804688984
1692804708109
1692804727333
1692804746512
1692804765706
1692804784866
1692804804085
1692804823364
1692804842459
1692804861740
1692804880836
1692804899984
1692804919160
1692804938451
1692804957652
1692804976769
1692804995983
1692805015172
1692805034338
1692805053539
1692805072754
1692805091851
1692805111006
1692805130167
1692805149304
1692805168542
1692805187664
1692805206774
1692805225940
1692805245117
1692805264331
1692805283521
1692805302720
1692805321960
1692805341096
1692805360321
1692805379535
1692805398730
1692805417859
1692805437023
1692805456207
1692805475416
1692805494636
1692805513734
1692805532923
1692805552096
1692805571413
1692805590523
1692805609728
1692805629003
1692805648127
1692805667329
1692805686618
1692805705749
1692805724958
1692805744180
1692805763365
1692805782622
1692805801819
1692805820965
1692805840160
1692805859453
1692805878560
1692805897769
1692805917019
1692805936139
1692805955368
1692805974618
1692805993738
1692806012890
1692806032070
1692806051310
1692806070598
1692806089735
1692806108898
1692806128073
1692806147402
1692806166493
1692806185677
1692806204843
1692806224015
1692806243145
1692806262309
1692806281554
1692806300648
1692806319790
1692806339091
1692806358216
1692806377378
1692806396541
1692806415713
1692806434911
1692806454098
1692806473309
1692806492508
1692806511669
1692806530842
1692806550019
1692806569179
1692806588359
1692806607502
1692806626668
1692806645880
1692806665077
1692806684296
1692806703462
1692806722648
1692806741808
1692806760992
1692806780172
1692806799384
1692806818587
1692806837806
1692806856992
1692806876176
1692806895379
1692806914606
1692806933807
1692806953002
1692806972194
1692806991361
1692807010555
1692807029714
1692807048877
1692807068030
1692807087174
1692807106341
1692807125477
1692807144624
1692807163803
1692807182989
1692807202135
1692807221321
1692807240501
1692807259659
1692807278824
1692807298011
1692807317172
1692807336347
1692807355533
1692807374701
1692807393895
1692807413096
1692807432266
1692807451455
1692807470652
1692807489830
1692807508966
1692807528157
1692807547314
1692807566471
1692807585663
1692807604844
1692807623991
1692807643166
1692807662333
1692807681494
1692807700643
1692807719796
1692807738949
1692807758131
1692807777297
1692807796440
1692807815607
1692807834774
1692807853949
1692807873112
1692807892281
1692807911462
1692807930647
1692807949831
1692807968994
1692807988155
1692808007298
1692808026483
1692808045656
1692808064820
1692808084002
1692808103175
1692808122360
1692808141542
1692808160753
1692808179969
1692808199195
1692808218431
1692808237499
1692808256671
1692808275843
1692808295018
1692808314186
1692808333458
1692808352564
1692808371728
1692808390857
1692808410042
1692808429197
1692808448374
1692808467525
1692808486689
1692808505828
1692808525031
1692808544228
1692808563387
1692808582665
1692808601733
1692808620895
1692808640056
1692808659236
1692808678380
1692808697543
1692808716715
1692808735885
1692808755070
1692808774235
1692808793389
1692808812572
1692808831773
1692808850966
1692808870161
1692808889321
1692808908486
1692808927650
1692808946881
1692808965954
1692808985124
1692809004291
1692809023438
1692809042617
1692809061807
1692809080978
1692809100187
1692809119342
1692809138522
1692809157681
1692809176828
1692809196009
1692809215175
1692809234328
1692809253512
1692809272680
1692809291827
1692809310992
1692809330156
1692809349331
1692809368514
1692809387702
1692809406853
1692809426036
1692809445210
1692809464405
1692809483607
1692809502809
1692809522006
1692809541216
1692809560399
1692809579599
1692809598798
1692809617983
1692809637164
1692809656349
1692809675562
1692809694758
1692809714034
1692809733146
1692809752328
1692809771520
1692809790698
1692809809901
1692809829062
1692809848206
1692809867369
1692809886558
1692809905732
1692809924908
1692809944075
1692809963259
1692809982430
1692810001595
1692810020749
1692810039923
1692810059069
1692810078239
1692810097421
1692810116593
1692810135763
1692810154940
1692810174089
1692810193265
1692810212426
1692810231613
1692810250776
1692810269960
1692810289141
1692810308323
1692810327507
1692810346660
1692810365832
1692810385012
1692810404182
1692810423374
1692810442575
1692810461796
1692810480996
1692810500173
1692810519371
1692810538530
1692810557689
1692810576854
1692810596032
1692810615205
1692810634373
1692810653590
1692810672767
1692810691927
1692810711098
1692810730266
1692810749437
1692810768624
1692810787813
1692810806956
1692810826153
1692810845304
1692810864479
1692810883798
