30
14
9
94
5
17
16
5
19
4
4
15
13
5
8
4
5
5
15
5
5
6
17
10
15
8
5
17
8
19
5
19
5
5
5
4
4
17
4
6
17
3
16
7
6
8
14
5
9
5
15
4
8
8
15
17
8
5
13
7
17
14
5
10
4
8
19
10
4
18
6
17
15
3
7
9
17
16
12
15
14
15
12
8
4
17
4
92
10
17
19
17
7
16
11
95
4
98
12
7
16
5
8
6
5
15
6
7
16
5
4
5
13
15
17
5
10
95
9
16
7
5
4
7
4
5
18
4
11
8
18
5
4
14
8
7
8
7
9
3
8
3
4
7
8
8
16
8
10
4
8
8
8
9
8
8
15
9
4
9
8
4
6
15
16
8
8
19
3
4
3
98
8
11
17
7
17
7
8
6
8
8
19
10
4
8
8
6
6
8
8
98
7
8
8
8
7
7
8
8
12
7
8
3
7
7
8
13
7
4
8
8
6
3
95
18
8
6
9
8
17
4
10
18
8
97
8
17
6
8
13
4
100
9
7
3
8
8
7
8
16
4
8
4
14
15
9
17
7
9
7
4
3
8
8
7
4
8
8
8
4
12
4
8
8
13
7
4
16
6
8
9
13
8
4
8
4
8
19
5
8
95
3
10
7
18
4
15
8
17
8
3
16
14
7
5
8
9
4
4
4
4
4
3
4
6
3
4
4
4
4
4
4
4
4
4
4
4
4
4
4
4
4
4
4
8
4
5
3
4
4
4
3
4
4
4
4
4
4
4
4
4
4
4
4
4
4
4
4
4
4
4
5
4
4
4
4
4
4
4
4
5
5
4
4
4
4
4
4
4
4
93
4
4
4
4
4
4
4
4
4
4
4
4
4
4
4
4
4
4
4
4
4
81
95
4
4
6
4
4
4
4
4
4
3
4
4
94
4
4
94
4
4
4
5
4
4
4
4
4
4
4
4
93
3
4
4
4
4
4
4
4
4
4
5
4
4
4
5
4
4
94
3
4
92
4
4
4
4
4
4
4
7
7
7
7
8
4
5
16
97
8
14
8
8
8
7
8
4
7
8
8
7
8
4
94
9
14
7
3
8
6
7
7
4
8
8
4
8
101
5
4
97
8
18
9
8
8
8
8