10
7
174
175
7
3
11
10
10
10
10
8
12
87
10
87
10
11
10
6
94
6
7
3
6
7
80
83
8
7
8
84
7
84
86
81
7
6
6
10
25
11
10
91
7
9
10
10
11
8
10
98
6
14
10
102
10
10
10
82
92
93
93
8
84
84
84
86
95
7
93
7
7
7
6
84
7
85
87
83
83
77
3
3
169
8
7
94
6
3
6
7
97
101
7
98
10
6
6
5
3
172
88
82
6
6
94
84
3
3
3
86
82
82
169
3
93
8
92
6
86
81
88
9
80
85
9
173
170
10
99
10
10
9
8
11
97
10
10
15
98
99
7
4
8
6
81
85
80
85
4
88
9
171
84
11
82
4
93
77
9
6
81
82
81
81
80
83
156
81
4
78
6
94
9
97
10
99
10
10
175
27
189
25
174
7
10
10
7
97
91
97
99
10
10
6
8
9
10
97
10
97
173
4
7
6
157
80
6
84
79
6
7
84
78
170
93
3
6
3
172
86
97
80
6
7
155
84
5
85
83
7
157
23
98
175
5
171
7
84
6
87
6
7
6
93
5
85
80
172
6
83
6
85
86
85
8
92
86
81
89
80
6
7
7
172
81
25
6
176
7
190
80
7
6
87
8
5
6
6
80
7
82
84
85
6
169
93
3
6
7
80
6
159
6
82
8
11
4
7
6
158
9
4
80
86
83
8
83
11
11
17
177
8
10
88
10
99
10
96
100
6
8
86
10
98
10
97
97
97
93
4
6
2
97
3
6
6
6
7
12
94
6
168
95
12
7
8
84
8
83
6
80
3
6
83
6
7
14
6
3
9
22
10
83
11
7
93
7
81
82
6
94
10
98
101
4
177
10
11
7
10
6
8
99
6
10
94
10
10
176
9
21
13
10
10
86
23
176
12
177
10
10
21
99
97
10
10
98
10
8
97
10
7
7
177
178
10
11
19
13
88
11
16
10
178
100
100
10
10
14
171
97
99
98
169
3
7
10
95
86
93
7
78
2
5
83
7
172
4
8
90
87
80
6
6
8
94
6
84
4
8
7
6
7
6
83
94
10
10
10
88
10
9
8
15
10
7
10
16
15
11
10
10
98
13
99
10
11
176
9
15
22
9
8
97
99
87
96
174
12
12
10
97
95
10
95
10
9
3
176
12
10
11
23
24
16
99
156
6
10
97
83
81
6
83
5
4
4
6
8
81
8
7
86
93
93
6
7
95
84
7
3
7
157
8
81
83
6
87
8
10
26
15
98
10
10
12
98
4
12
97
7
10
97
9
6
8
6
98
10
96
10
100
178
10
10
93
81
77
6
96
7
11
84
158
84
5
89
8
4
9
8
8
93
80
95
9
83
83
88
4
7
3
82
85
95
8
7
16
25
23
10
87
10
12
10
10
10
4
101
10
15
13
170
172
83
84
5
6
94
6
4
6
83
11
3
3
171
5
85
171
9
5
3
7
6
87
7
173
9
6
11
6
3
89
10
174
10
8
11
10
17
16
11
7
11
90
12
97
85
98
7
10
13
7
4
93
10
9
7
10
10
80
11
22
11
8
12
10
87
96
10
10
10
10
11
10
10
89
9
11
10
6
97
11
6
8
83
81
82
3
92
88
171
13
80
6
7
6
94
170
84
7
6
93
157
94
9
10
88
8
86
84
92
6
8
98
5
86
10
100
11
124
94
13
17
17
23
18
30
14
17
15
28
13
96
184
37
123
111
110
126
17
15
17
18
11
101
18
14
14
18
13
97
98
26
30
13
12
16
12
28
17
192
108
14
14
100
14
12
14
190
27
108
13
16
108
20
9
14
100
99
116
188
21
88
13
14
17
15
98
13
176
17
176
13
15
14
15
13
9
176
13
98
14
15
19
17
94
12
14
14
14
92
100
13
97
14
16
18
14
10
13
18
12
98
13
13
187
104
17
13
102
12
103
30
14
19
9
17
38
17
94
14
108
94
93
181
16
19
14
92
27
18
13
92
96
17
21
19
96
177
14
14
95
96
15
95
17
13
17
14
13
18
14
12
90
17
180
14
14
16
13
20
14
93
18
97
12
15
109
18
14
36
19
17
102
16
16
13
14
15
96
174
94
97
16
17
89
14
14
16
15
14
14
14
15
13
16
92
13
19
105
18
12
101
17
13
14
13
91
15
10
13
16
96
15
13
96
94
15
93
37
20
181
181
92
12
97
15
182
19
14
14
18
100
30
119
34
16
127
14
17
19
99
39
39
14
9
17
101
38
196
185
17
9
18
20
9
13
13
93
18
9
13
13
17
14
177
14
174
100
14
95
187
13
15
14
89
19
16
10
13
17
13
16
176
14
13
12
17
14
14
15
14
14
14
15
14
12
18
36
14
14
189
38
34
15
25
14
22
105
35
14
30
89
128
194
178
27
19
19
96
14
176
16
93
15
97
180
19
13
18
97
91
13
92
174
13
12
13
13
12
16
93
13
12
13
96
18
19
18
14
14
94
97
93
16
18
13
18
18
17
94
29
107
14
182
15
18
95
13
13
18
96
172
16
98
95
13
24
13
13
98
22
10
95
14
13
18
16
13
14
19
15
16
10
98
13
97
16
92
95
91
13
174
19
13
13
17
106
101
10
181
178
178
95
32
15
101
118
10
36
18
32
14
13
119
17
14
99
36
18
13
178
174
106
34
13
18
14
15
14
13
13
13
16
14
173
16
21
91
98
14
14
16
17
19
107
98
18
98
14
22
14
12
14
94
16
14
12
97
12
14
97
98
14
19
94
90
14
39
16
14
15
18
18
102
17
38
15
95
20
18
15
15
96
21
13
20
14
173