19
15
34
24
10
89
37
38
16
30
95
35
37
12
37
17
30
12
28
15
17
19
95
197
32
23
12
18
33
19
18
30
17
29
101
16
44
34
9
19
9
18
12
14
95
13
17
16
15
14
16
16
23
14
13
97
16
14
98
97
15
16
15
16
95
98
17
97
101
98
14
20
101
14
13
15
12
35
18
25
36
37
33
36
33
39
37
14
14
38
101
40
16
41
31
18
17
36
16
18
18
16
18
17
13
14
13
34
35
12
31
44
13
30
23
13
18
26
28
14
13
13
19
17
13
16
17
15
26
19
15
15
19
95
13
15
12
14
15
16
14
13
16
19
14
13
14
13
13
17
96
19
22
17
94
13
14
14
13
96
14
13
12
13
13
12
15
101
18
16
176
28
17
19
18
14
17
9
30
14
19
15
95
94
102
28
10
13
28
18
125
38
101
27
14
106
104
126
37
35
116
14
36
32
13
177
13
18
16
94
16
35
17
30
33
41
17
33
10
16
179
115
88
14
109
17
18
173
33
13
97
12
14
13
15
16
96
102
15
17
12
104
99
14
18
173
16
16
13
91
14
96
14
95
13
9
14
14
16
99
13
16
14
14
95
90
16
100
14
22
12
95
179
17
14
187
20
94
13
180
16
117
17
36
39
16
175
15
181
13
37
34
86
93
94
17
193
19
16
188
14
17
16
14
86
18
177
13
17
12
16
19
14
29
18
13
17
17
14
10
37
98
30
96
33
113
13
83
95
20
17
10
13
194
14
16
17
24
17
108
14
95
187
14
18
13
21
179
18
95
91
15
13
91
16
15
14
14
15
15
16
15
13
13
15
92
97
188
15
93
14
13
97
14
12
91
9
98
14
15
14
14
96
17
14
91
18
13
14
14
21
18
14
19
180
14
98
12
96
95
10
13
93
13
10
16
92
91
13
15
12
14
92
18
15
96
16
96
97
15
14
13
14
18
14
14
13
21
17
17
13
178
14
96
14
19
18
93
31
18
18
99
107
29
35
96
176
33
36
19
10
120
15
107
14
32
180
20
9
21
105
102
29
40
19
18
18
14
102
16
31
109
14
116
89
15
15
16
20
99
14
14
14
14
96
97
16
18
90
13
19
14
26
13
16
13
18
13
14
13
13
13
14
13
14
18
96
14
98
92
176
91
15
98
10
94
18
14
38
31
17
27
35
115
125
24
19
18
18
115
97
37
30
16
18
24
17
31
12
96
18
14
189
172
14
16
17
12
14
13
13
95
107
99
38
38
17
13
17
36
15
13
29
111
13
45
100
30
174
10
98
16
13
16
16
14
97
13
185
14
14
95
19
12
13
14
16
13
15
18
95
95
16
14
19
9
13
13
13
13
89
178
15
15
12
14
92
177
15
14
17
30
178
15
98
29
18
20
100
101
18
12
18
36
193
99
17
17
14
14
97
14
15
95
14
17
18
13
13
12
89
98
13
13
17
13
16
15
14
97
14
18
17
16
96
15
14
95
13
13
16
14
10
13
96
91
22