99
12
100
13
12
9
10
98
99
22
10
33
9
100
13
24
176
31
13
13
14
13
12
13
14
26
14
31
14
13
15
13
14
14
13
20
98
14
98
27
15
13
30
13
103
11
100
9
95
9
10
8
10
93
96
13
97
12
94
92
9
11
10
6
10
9
9
9
10
95
10
12
11
102
99
10
13
22
13
98
13
16
26
14
13
13
13
14
13
21
13
14
9
10
13
13
25
14
13
115
14
16
15
99
13
100
14
14
102
8
14
13
12
98
10
26
21
101
101
30
24
14
10
99
31
13
13
11
25
9
100
10
14
80
101
14
13
9
10
106
27
13
13
10
9
94
11
9
9
9
10
11
11
9
96
12
9
95
9
10
9
10
10
9
7
9
10
9
6
9
11
10
10
9
10
97
10
10
17
12
6
11
10
10
95
10
13
10
10
6
6
11
95
7
78
11
14
14
9
11
10
9
96
10
11
10
6
12
16
15
13
13
101
10
32
10
10
10
11
10
11
10
11
10
12
9
11
10
10
95
10
10
95
11
10
11
9
10
9
10
10
10
95
9
96
11
9
11
9
10
10
94
10
10
9
9
9
6
9
10
9
94
10
12
10
82
10
9
9
10
10
10
96
9
9
10
95
16
97
29
10
14
13
14
103
98
30
14
10
13
9
97
31
13
13
96
13
181
30
9
13
14
33
14
11
14
100
16
14
94
14
13
89
16
14
13
11
13
13
13
31
11
13
10
10
10
95
95
98
81
98
11
96
7
11
9
9
10
97
94
9
9
5
9
9
10
9
95
96
9
12
10
12
9
81
11
11
10
10
14
10
10
10
10
11
14
89
11
11
9
94
10
11
11
6
11
9
10
80
10
94
6
9
9
96
9
95
12
21
13
19
31
22
14
11
13
17
13
15
31
16
10
99
13
13
14
14
101
100
14
20
15
14
13
32
13
17
23
14
15
30
99
29
14
99
100
10
11
11
13
14
29
98
78
10
171
10
9
11
9
96
10
94
9
93
12
10
94
10
97
11
10
8
10
10
11
11
14
7
95
10
95
9
9
95
10
10
10
11
9
96
10
14
11
9
10
10
10
79
9
9
9
11
10
11
9
11
11
11
11
10
96
9
9
11
11
9
99
13
103