7
101
7
10
10
9
9
8
8
22
99
9
9
176
8
15
9
19
5
11
8
178
7
9
96
97
98
95
81
93
87
175
9
89
8
5
7
83
159
7
85
4
5
94
87
95
81
94
183
7
172
9
8
7
15
10
15
10
22
96
171
20
9
9
7
7
87
86
9
10
97
9
9
10
9
9
10
9
98
9
97
100
5
10
8
9
97
100
8
91
171
86
93
6
5
85
7
5
7
6
160
4
93
5
6
79
6
170
84
80
80
5
6
5
95
81
4
86
170
3
6
94
5
84
7
5
6
156
6
85
6
8
9
9
7
16
16
5
82
16
10
97
98
8
82
8
9
7
7
85
8
11
9
7
8
5
8
10
175
6
4
3
175
7
10
10
9
97
170
10
9
9
7
8
99
8
9
176
176
176
7
178
10
9
9
9
10
9
9
9
4
8
9
17
9
24
7
6
9
87
91
5
99
7
9
97
10
9
173
6
7
87
16
7
98
177
9
94
83
83
5
5
5
3
4
93
3
7
5
8
6
83
80
6
6
80
6
3
93
83
78
7
81
3
5
77
5
156
4
5
5
93
7
6
79
93
5
6
84
5
98
9
98
18
7
8
8
10
5
9
6
94
9
15
12
15
9
16
16
96
11
7
9
10
9
5
87
7
9
9
9
9
9
9
97
8
12
180
5
8
7
11
96
22
7
9
20
97
5
87
7
5
9
175
5
99
9
21
95
6
5
8
176
10
3
5
101
12
97
5
9
7
177
23
9
5
9
10
98
97
7
21
9
96
79
92
5
5
94
4
5
95
87
6
80
5
5
5
82
5
6
5
3
5
5
83
83
96
3
157
81
5
3
80
4
3
5
3
78
6
93
3
173
82
6
5
21
3
9
87
16
83
171
94
5
7
7
92
158
3
84
169
93
95
3
5
170
5
84
81
5
6
5
3
6
84
6
3
4
85
6
85
98
96
83
84
6
7
7
6
3
84
7
7
8
7
7
177
97
96
21
102
9
97
8
9
97
9
175
9
7
10
10
9
8
7
22
9
9
5
88
9
7
176
9
12
8
7
9
8
7
5
5
5
5
7
6
6
83
7
3
5
5
82
5
80
170
79
82
171
6
80
84
5
94
5
7
5
78
83
93
94
6
94
5
83
5
81
157
78
85
82
6
82
84
6
169
6
12
5
93
10
167
9
9
87
175
10
8
81
9
9
9
5
7
6
5
5
93
84
7
5
5
6
83
83
83
85
6
79
6
85
6
94
83
83
95
84
6
9
8
5
4
83
79
6
5
92
8
97
5
81
6
4
7
5
84
9
8
8
7
9
9
9
99
172
6
96
8
91
9
4
9
10
9
9
5
10
6
5
85
5
9
82
6
82
7
3
159
6
5
157
80
84
83
5
4
90
4
5
156
169
84
94
3
5
6
5
5
157
3
81
7
6
82
84
6
78
156
5
9
9
12
7
94
9
80
5
79
80
4
172
5
5
4
93
82
5
3
6
5
5
7
171
83
6
3
7
94
83
93
80
93
171
5
82
170
159
9
158
93
84
6
5
82
5
85
5
9
5
84
177
7
7
5
5
4
97
6
93
5
93
4
92
6
93
5
5
5
81
3
83
6
3
3
5
80
6
82
169
3
8
5
7
80
4
7
12
80
93
85
82
3
4
3
84
8
7
98
10
7
9
9
9
9
98
9
3
10
8
86
10
175
7
9
94
5
9
99
10
9
10
9
9
88
9
10
88
97
8
170
99
12
97
14
99
8
97
15
6
7
9
9
9
11
9
7
4
98
6
83
5
80
81
6
5
6
86
5
5
6
83
93
5
5
5
4
7
4
81
5
85
5
5
6
84
5
78
78
4
5
4
94
8
5
5
85
83
6
3
6
84
175
10
22
98
3
3
5
95
85
78
5
6
82
5
5
6
6
84
157
158
5
5
82
172
85
84
5
5
83
87
11
6
86
82
80
83
3
85
7
7
9
6
7
5
5
4
8
176
9
16
13
9
84
5
11
98
3
7
10
9
9
179
99
22
9
98
10
174
5
6
172
5
80
5
7
5
93
5
94
7
172
83
81
94
83
29
7
80
3
93
5
7
5
81
92
6
5
171
80
82
5
6
83
5
3
94
5
5
4
5
87
96
15
98
87
9
8
18
94
98
7
9
11
93
5
156
81
3
5
6
81
84
93
4
83
85
5
5
171
6
5
5
7
84
83
7
6
5
10
106
6
82
4
161
7
82
85
8
79
6
6
82
3
5
5
87
9
7