9
8
9
20
8
14
8
8
5
9
5
8
9
9
8
8
8
6
8
4
84
177
5
99
9
18
78
17
8
6
5
8
87
177
105
8
20
9
176
8
8
5
8
82
21
87
8
8
4
8
5
4
8
8
12
8
3
9
8
8
175
9
97
8
3
17
8
12
7
9
9
99
177
8
8
176
9
3
8
8
8
15
8
7
9
87
8
99
7
158
87
86
9
170
9
9
23
7
8
13
80
9
9
103
179
8
7
7
84
8
97
164
8
17
99
98
16
176
8
8
79
82
81
6
80
80
80
81
4
82
4
82
81
6
95
82
82
80
83
5
3
4
5
4
6
3
4
82
83
4
4
81
171
4
6
82
4
159
4
4
82
82
82
78
80
4
86
81
4
8
8
98
85
3
176
98
79
84
87
9
7
174
9
99
12
7
99
8
8
8
87
9
7
8
9
8
8
8
8
82
8
7
11
172
8
8
9
8
8
4
8
12
8
88
83
84
84
3
157
4
6
82
5
4
4
4
82
4
79
4
81
5
5
80
4
5
81
3
5
4
83
4
5
4
6
79
4
169
172
86
3
4
81
8
9
98
7
92
9
17
97
8
14
9
3
83
6
87
98
8
85
8
4
11
8
8
96
85
13
9
19
8
15
19
8
20
7
7
8
93
5
7
8
8
85
15
8
87
99
19
8
99
10
98
7
96
3
7
176
175
97
15
6
80
80
93
4
6
80
94
4
80
4
175
82
7
3
5
8
8
99
8
8
97
177
98
15
14
8
94
10
4
4
5
88
175
13
4
8
99
9
8
4
16
8
9
86
96
9
98
96
4
8
9
9
8
8
82
97
8
175
6
8
86
8
9
85
178
9
9
23
8
4
8
8
9
21
4
5
5
6
4
170
82
79
4
5
172
4
84
83
5
3
158
80
81
6
4
93
83
4
170
81
83
4
5
6
83
7
8
86
8
12
10
176
8
8
100
21
8
8
8
8
7
9
8
97
8
99
9
177
8
6
4
99
100
9
8
10
4
87
8
8
4
85
85
8
8
7
8
8
8
8
3
93
99
176
8
4
8
9
100
8
5
98
3
9
9
14
8
9
8
8
96
9
9
9
9
8
88
7
9
100
109
8
176
17
7
9
8
9
8
172
82
6
4
6
93
4
4
7
93
97
17
176