27
11
16
13
13
17
7
13
8
6
23
25
13
12
17
11
10
6
12
14
9
15
15
11
13
2
11
6
13
12
2
28
13
12
12
14
20
11
29
10
13
6
8
10
6
13
13
9
12
13
6
12
2
2
14
6
14
9
12
6
12
13
7
89
13
12
13
14
13
6
10
13
6
2
6
12
8
27
12
12
32
6
14
17
6
14
12
10
13
6
10
14
6
6
20
13
6
12
12
9
12
14
12
2
2
9
10
11
10
8
9
13
2
2
8
12
9
12
91
8
2
3
2
10
4
8
10
2
11
3
9
3
10
89
5
12
13
17
13
6
6
6
13
13
6
12
9
12
8
3
9
2
12
2
15
2
15
9
12
9
11
2
9
11
9
12
11
9
3
2
11
10
9
3
10
11
2
3
13
13
12
6
12
20
6
6
5
14
12
80
8
6
12
13
6
6
9
9
9
2
6
15
13
13
14
11
12
2
12
12
6
6
9
11
13
6
11
9
13
10
6
12
13
7
12
15
12
11
13
10
9
12
2
13
8
9
29
13
11
90
5
13
112
6
31
16
13
99
86
2
22
86
14
13
24
14
12
93
6
27
9
105
6
110
10
92
11
9
10
10
26
10
12
29
7
10
87
29
9
2
10
14
26
31
84
15
105
9
93
7
9
89
23
120
7
87
90
29
34
9
13
26
107
86
6
86
29
13
16
19
13
24
31
28
13
94
100
12
11
28
12
13
107
9
6
12
17
9
2
6
6
12
14
9
11
12
30
10
13
102
12
13
13
94
120
29
13
103
26
24
14
90
28
34
30
9
28
5
27
10
13
98
87
85
19
92
104
80
26
104
95
9
13
17
84
4
2
89
13
6
89
3
86
12
9
86
9
90
31
2
8
8
22
10
7
4
13
10
22
16
117
87
18
10
10
14
9
89
91
13
10
88
7
100
10
12
29
11
9
91
33
86
25
94
13
6
109
29
15
17
10
20
6
32
9
105
10
24
9
87
7
6
15
102
2
7
25
10
13
14
12
80
9
84
17
10
103
28
6
99
90
21
85
88
13
2
12
5
14
12
9
13
12
86
13
6
14
28
16
5
111
12
29
12
24
23
10
2
2
106
9
17
12
79
9
27
100
8
93
104