94
87
85
86
1
81
82
84
1
81
89
8
8
86
86
9
88
98
6
8
80
8
5
5
6
6
96
82
78
10
11
8
8
8
8
5
8
8
5
5
5
5
8
17
8
5
6
8
5
6
6
8
8
9
1
6
7
8
6
8
2
9
8
8
7
8
8
8
95
19
7
3
4
5
7
8
5
7
5
5
6
18
8
18
8
5
1
8
5
5
8
8
7
81
6
7
8
8
9
4
4
5
8
8
85
6
8
5
8
8
8
8
8
8
96
8
6
5
6
8
5
8
5
8
5
7
7
5
6
9
6
6
95
8
82
7
5
15
8
5
5
6
5
8
7
7
4
1
4
4
4
4
4
5
4
80
4
1
4
4
4
5
3
79
1
1
1
4
5
5
5
1
4
3
1
4
1
1
5
4
8
5
1
4
1
4
4
2
4
2
4
4
4
4
1
2
4
5
4
5
2
5
4
4
4
4
4
5
4
7
21
6
4
6
9
6
5
8
8
4
5
8
8
6
5
5
18
8
8
8
5
8
6
4
4
0
4
4
1
1
4
4
4
2
79
4
3
3
4
2
4
4
4
4
4
4
1
80
4
1
4
4
4
4
4
1
4
4
1
4
5
5
1
4
4
4
1
3
1
3
78
3
4
1
4
1
91
4
1
1
4
5
8
4
4
4
1
5
4
12
4
9
1
9
5
8
10
2
6
7
5
8
18
5
7
8
8
8
1
6
4
8
7
5
9
5
8
4
8
16
6
7
6
7
6
16
5
8
8
3
4
1
3
3
2
5
4
3
79
4
1
1
4
4
3
4
4
4
3
4
4
1
4
7
4
3
91
4
4
3
1
3
1
5
3
4
1
4
5
79
4
4
4
1
3
5
4
1
4
79
4
9
3
3
4
9
1
4
4
2
1
1
4
8
8
8
6
8
8
6
1
1
2
4
4
4
3
3
1
1
92
2
2
4
1
5
4
2
3
4
4
4
1
4
4
4
5
2
1
4
4
3
5
5
1
2
5
4
4
4
1
4
5
4
4
3
3
4
4
3
4
4
4
4
3
4
1
1
2
4
4
4
4
4
8
8
8
3
8
8
4
8
5
5
16
17
8
7
6
8
8
6
8
2
4
4
4
1
2
5
4
1
2
3
4
4
77
1
4
1
4
5
4
1
4
4
1
4
4
4
2
5
5
4
1
4
5
4
1
5