31
25
31
21
26
24
6
24
126
37
21
24
104
26
25
101
44
26
24
23
26
103
101
25
26
99
117
33
35
51
41
40
35
6
105
25
110
28
5
117
101
113
123
100
6
20
9
29
29
30
103
10
26
10
28
23
24
99
23
103
22
24
101
84
23
98
42
101
7
5
5
23
25
21
96
6
24
5
101
24
5
27
115
5
28
23
26
43
97
24
101
104
24
25
29
9
103
25
100
86
23
25
21
109
23
99
27
99
105
23
21
26
104
22
105
23
100
22
99
22
25
24
83
23
107
29
25
24
103
24
102
25
27
25
24
23
24
25
97
5
35
5
22
26
5
22
102
26
29
25
100
29
99
22
101
100
115
105
85
25
106
110
100
82
114
24
102
102
100
21
102
19
25
24
25
25
9
10
26
9
25
25
43
23
97
112
22
22
97
24
98
25
101
21
84
98
22
26
84
118
100
99
27
22
107
84
26
24
85
111
82
102
23
105
98
26
24
25
25
25
24
46
25
100
23
28
10
103
101
100
26
24
26
25
24
25
29
25
10
20
27
21
99
103
103
28
100
20
7
103
6
25
102
22
30
25
6
22
98
106
100
27
31
108
30
5
6
26
5
105
23
5
26
126
45
9
108
24
30
104
19
20
24
25
23
25
26
102
21
21
22
98
21
21
25
22
99
101
21
31
101
23
25
84
26
106
5
23
107
6
101
22
21
24
25
22
102
105
41
26
15
22
23
46
21
24
27
19
24
5
24
102
23
10
38
21
27
54
23
23
24
30
105
33
10
29
31
20
105
27
22
5
5
99
5
97
102
5
100
22
23
23
22
24
108
102
102
106
22
26
23
19
98
21
29
100
100
82
30
21
21
5
103
98
98
23
102
84
24
100
100
26
20
26
100
5
21
100
104
24
112
6
107
25
26
25
28
31
100
99
26
99
22
26
24
22
24
105
24
34
24
102
24
26
45
25
23
84
98
20
100
98
115
23
24
20
100
103
99
5
20
6
100
100
25
99
21
103
100
106
27
23
25
101
23
22
21
83
97
24
25
25
27
103
21
26
21
100
99
21
99
22
22
21
102
102
22
103
5
22
101
24
6
19
100
27
26
22
31
5
22
23
26
101
25
25
24
102
9
25