30
51
40
30
42
27
39
28
103
30
25
28
28
102
27
121
29
27
22
38
122
52
39
115
38
50
45
46
45
37
97
30
32
33
27
27
103
30
27
103
27
42
28
122
50
117
29
114
47
32
19
117
44
107
102
118
26
24
117
127
28
39
25
55
29
29
30
28
37
28
23
29
34
41
128
29
40
28
40
27
28
103
39
99
174
99
29
29
105
176
25
38
104
106
100
25
98
105
96
27
99
175
100
97
28
96
31
102
26
32
24
26
30
116
98
27
100
102
26
27
115
25
28
27
23
117
28
28
104
26
28
23
106
118
39
127
28
25
110
112
50
44
103
25
33
176
98
102
176
27
25
27
190
28
32
24
113
176
24
101
97
45
31
19
27
27
24
99
28
97
96
23
111
24
114
34
27
51
26
25
135
27
30
45
30
40
27
36
24
27
130
52
26
32
49
32
50
137
23
51
23
19
27
29
117
36
97
29
188
31
48
41
24
26
29
102
104
27
23
26
102
27
145
115
31
117
31
28
99
133
49
26
50
28
121
33
100
97
28
181
25
104
102
32
102
30
102
39
29
101
27
97
173
104
24
33
26
26
104
29
44
100
26
175
35
31
27
116
112
28
42
112
24
30
98
108
43
27
24
48
53
46
25
99
102
120
28
28
28
28
25
51
188
127
118
40
104
26
26
117
51
31
51
27
38
176
28
96
176
33
26
119
29
120
111
100
39
97
25
30
25
27
100
31
32
26
23
26
97
30
32
33
28
27
23
182
138
102
29
51
29
116
116
30
96
43
102
28
24
111
127
144
50
26
30
46
128
102
117
116
135
28
37
24
29
27
27
25
97
30
34
25
103
99
28
107
101
27
27
26
27
32
102
112
99
26
24
98
180
178
28
24
97
29
47
51
30
48
116
109
146
121
30
25
27
37
29
51
49
40
52
119
117
119
36
50
24
27
99
101
100
111
49
47
30
26
30
27
27
99
26
29
30
25
28
28
25
24
24
23
25
23
95
178
26
24
25
30
30
100
104
119
27
98
29
48
51
44
115
27
126
128
104
114
104
133
103
49
28
30
23
25
28
27
111
24
26
96
28
116
104
26
98
173
24
176
27
103
28
102
27
104
24
108
25
24
23
99
100
24