21
10
12
10
14
14
14
14
13
14
14
13
89
92
9
9
13
178
29
88
10
9
12
89
8
101
9
89
4
88
3
88
8
8
89
8
14
13
10
13
92
13
173
10
92
8
14
90
9
13
14
13
13
30
10
13
11
14
10
14
32
13
14
4
15
14
14
11
11
10
92
17
9
9
14
14
9
10
88
12
8
11
87
11
10
11
88
9
89
13
157
87
10
10
8
10
9
11
11
13
88
10
89
10
87
86
8
9
92
14
12
13
7
107
8
174
25
109
10
88
89
86
87
85
8
9
9
8
9
10
86
10
8
88
4
9
83
9
87
10
88
86
9
85
100
10
86
9
10
12
7
13
14
9
11
12
13
13
13
8
13
91
12
9
176
30
14
13
175
10
101
8
89
13
14
8
8
10
88
11
9
87
4
10
86
87
14
4
9
10
87
88
11
87
9
88
12
7
85
8
85
9
9
9
10
86
88
27
23
8
91
14
100
12
14
9
13
13
10
15
13
14
90
14
13
12
12
12
22
93
14
12
12
109
8
11
87
9
13
13
4
11
10
86
12
8
89
3
10
9
10
10
91
90
86
10
86
86
89
87
10
4
10
9
10
87
12
13
12
13
10
8
90
87
83
12
14
16
13
15
12
13
14
13
29
84
13
12
25
8
13
14
12
86
11
12
13
14
13
10
4
14
13
13
9
11
12
16
93
14
14
9
9
14
13
90
12
14
14
33
12
14
15
9
10
87
87
10
10
12
86
10
12
10
10
87
86
9
87
9
88
4
12
8
89
4
8
9
9
85
88
9
10
10
13
13
27
91
13
14
11
9
30
13
87
8
85
4
9
11
85
87
9
13
11
10
14
4
87
9
88
10
87
88
10
11
86
86
89
10
8
9
8
8
100
13
90
102
86
8
14
90
4
14
12
171
13
14
10
174
89
87
86
11
87
87
9
89
10
11
11
89
4
9
4
9
89
8
87
86
94
17
8
11
4
9
12
86
88
89
87
4
13
8
102
177
13
13
13
14
93
14
173
91
87
9
9
9
9
90
86
12
8
10
88
10
9
11
89
90
30
10
89
12
4
5
9
88
88
10
4
12
79
9
8
12
11
175
13
14
104
8
93
14
177
13
14
11
88
88