14
10
12
12
6
6
11
7
7
15
13
7
3
7
5
4
7
7
3
16
7
4
15
9
14
9
8
11
7
4
7
5
7
6
9
7
12
6
12
4
5
7
14
13
14
7
3
7
7
7
13
7
6
6
6
14
3
14
10
7
6
4
19
3
4
3
3
6
14
7
7
3
7
7
8
13
7
3
4
7
7
3
3
6
7
4
7
7
7
3
5
16
3
13
9
13
3
6
3
11
3
5
3
14
3
3
6
6
3
11
12
7
6
4
3
6
3
3
13
3
6
6
6
7
11
6
12
12
7
13
4
7
6
12
5
7
4
3
11
12
4
3
13
5
14
4
4
6
7
4
4
7
3
12
2
5
11
12
13
9
3
12
13
4
4
15
3
18
3
2
9
3
12
3
3
11
4
8
7
2
3
3
3
6
3
7
6
6
3
5
3
3
14
7
13
13
12
3
3
10
12
12
7
7
7
12
4
3
13
3
7
7
9
4
13
8
7
11
3
3
6
11
7
8
6
7
13
7
7
12
7
6
7
4
8
3
3
7
3
11
3
5
7
7
2
9
4
3
3
3
14
3
6
3
6
10
6
4
12
3
7
8
6
3
8
2
10
12
13
5
6
6
79
7
6
2
11
7
2
6
7
11
6
7
5
7
6
6
3
11
11
6
2
11
6
11
2
12
4
5
7
12
11
7
7
13
7
2
5
10
7
2
2
6
3
10
10
10
6
2
3
13
93
5
7
7
12
7
5
5
5
3
10
2
7
6
12
5
7
11
10
6
12
6
11
12
13
6
6
6
9
80
2
11
3
2
7
12
11
7
7
6
6
5
6
6
12
6
6
5
6
12
11
2
10
6
3
6
7
4
7
6
2
6
5
7
11
15
3
7
14
5
3
3
6
7
10
2
5
6
11
13
7
11
6
11
12
13
8
12
14
13
3
12
2
6
6
6
3
7
8
7
4
8
3
12
7
7
3
7
4
12
6
8
6
3
13
13
3
4
10
4
7
8
3
13
3
6
7
7
2
3
12
12
12
3
7
3
3
7
13
6
9
7
7
13
7
10
12
7
2
13
3
7
3
7
4
7
4
9
4
7
7
3
12
5
3
11
6
12
7
7
12
13
8
13
6
7
11
12
7
13
12
12
7
3
7
11
11
6
7
7
9
3
7
5
6
3
5
6
6
3
3
7
7
6
6
3
7
11
5
7
13
4
7
9
6
2
14
7
6
6
6
7
3
7
2
3
7
5
6
10
7
13
12
3
3
3
5
4
3
6
3
13
12
6
7
3
7
6
6
3
7
7
7
4
2
3
3
7
11
16
20
7
4
7
3
3
4
6
3
3
7
12
7
4
5
6
7
6
7
6
6
7
3
4
13
12
6
12
3
7
13
7
13
12
9
7
7
11
9
11
3
7
3
7
14
11
6
3
11
3
7
6
7
6
7
7
7
12
14
7
6
6
11
6
7
12
7
7
13
3
7
4
17
6
3
12
6
7
6
5
5
6
7
12
7
12
7
6
12
7
14
7
12
12
2
7
6
3
3
3
7
13
3
3
3
7
3
13
4
4
3
12
4
7
12
3
12
5
13
3
12
11
6
6
7
12
2
7
4
7
12
12
7
8
3
11
7
6
3
6
6
5
10
6
7
5
6
7
12
7
4
7
10
5
12
11
12
11
7
5
7
3
12
8
13
7
7
13
7
12
3
3
4
7
13
3
7
12
12
6
13
6
6
6
8
6
13
3
12
5
14
6
9
7
3
7
3
5
7
13
6
5
2
10
10
7
6
14
12
7
3
4
12
4
7
5
2
13
10
3
6
7
6
3
7
6
3
7
7
4
7
14
10
6
7
12
7
5
8
5
3
9
10
7
9
7
9
3
7
6
10
7
14
6
7
7
3
3
7
7
8
3
2
7
13
6
5
12
3
6
7
7
3
6
6
8
8
6
11
13
8
5
6
12
7
11
4
11
12
12
2
5
3
6
7
4
3
6
12
6
7
5
13
4
3
9
3
12
7
3
9
3
5
10
2
3
3
3
7
6
3
10
2
9
7
4
6
10
5
7
7
7
8
5
4
3
12
6
7
3
8
13
7
5
14
7
3
3
13
3
8
5
3
3
3
3
7
13
12
5
7