40
135
40
40
39
49
39
41
50
38
41
40
118
39
41
40
47
47
38
37
41
38
111
33
36
115
40
55
34
37
42
118
112
35
7
114
45
45
43
41
39
33
38
38
117
119
44
38
38
131
43
33
41
35
42
36
125
113
115
33
39
121
38
44
116
39
113
39
37
50
38
38
120
45
42
41
119
41
45
36
46
110
36
39
40
37
38
35
131
112
38
36
35
7
86
121
113
116
38
36
37
116
39
48
33
38
122
116
117
38
114
41
39
113
39
38
116
124
39
45
39
117
41
125
43
41
35
42
40
42
38
41
43
40
42
45
28
117
35
40
134
134
119
66
40
45
42
38
36
110
61
40
40
39
36
42
41
37
43
37
40
33
45
47
40
45
39
120
36
37
120
116
47
38
114
42
39
35
115
118
113
117
37
36
39
39
68
41
44
61
41
38
116
45
50
38
47
137
135
37
37
40
38
70
139
38
39
38
61
54
41
60
47
36
39
35
41
52
41
35
40
53
48
48
41
34
46
40
34
59
41
58
37
149
35
139
49
43
40
62
121
41
38
62
58
39
41
40
60
53
59
34
41
37
42
51
45
57
65
48
56
37
60
46
61
43
39
39
34
56
60
39
151
57
40
62
56
138
62
62
117
42
41
36
132
60
46
39
43
44
36
43
40
105
138
65
40
120
42
45
39
39
36
36
53
144
117
49
46
38
41
41
35
65
41
40
40
138
52
75
38
59
54
38
60
40
44
39
50
39
42
43
37
40
41
40
36
33
43
42
58
38
40
32
134
39
37
61
45
41
120
40
39
37
42
37
39
117
36
48
43
37
34
41
36
35
34
33
39
38
119
40
39
117
40
36
45
38
36
117
33
60
122
38
49
39
57
57
39
37
59
39
40
114
39
38
12
44
39
39
88
37
44
34
38
115
7
36
36
42
41
35
33
36
113
41
121
36
114
35
52
39
44
127
38
36
45
129
7
35
39
38
45
45
39
49
40
43
146
39
44
42
36
40
41
40
37
38
44
38
40
64
43
39
118
40
41
36
38
44
52
119
124
43
112
51
37
36
121
118
55
37
37
116
38
121
34
38
113
33
52
35
36
39
36
49
36
38
115
110
34
39
42
46
39
37
41
10
45
115