111
14
50
31
11
23
38
94
107
90
13
97
113
110
13
94
112
13
23
96
12
32
32
10
11
11
21
31
91
124
12
25
15
36
13
19
12
31
38
109
16
24
116
14
36
87
26
5
12
16
22
12
23
91
27
17
16
32
32
35
37
20
35
100
21
21
15
27
25
33
23
39
12
22
17
30
26
30
17
17
16
16
23
104
22
32
35
29
23
110
33
27
29
33
102
35
26
93
35
106
91
106
30
16
31
13
35
35
16
11
33
37
28
110
15
18
16
17
16
14
92
16
14
22
19
16
90
98
11
26
20
16
16
13
88
28
78
123
33
93
12
30
36
93
106
96
16
90
34
34
25
38
103
25
31
12
36
23
15
14
13
16
20
125
34
19
15
89
13
30
95
11
16
102
29
24
114
92
29
17
30
32
23
104
31
15
15
31
93
82
34
94
14
93
26
110
39
17
17
16
28
23
33
21
32
27
15
91
17
33
34
15
17
3
12
24
17
107
16
13
17
17
111
91
15
16
109
93
24
16
34
107
107
37
15
31
15
35
92
17
110
109
32
13
12
12
15
15
24
19
27
2
10
24
14
106
19
100
105
12
31
24
31
13
17
30
13
93
83
16
33
20
15
26
93
30
15
16
96
15
17
89
30
15
2
28
12
22
34
106
11
97
17
16
32
23
12
25
29
22
31
89
100
12
19
15
34
22
26
12
36
32
93
14
8
90
18
96
2
13
14
8
16
101
32
108
36
13
23
32
112
22
12
32
32
105
13
26
15
115
15
16
38
22
92
13
33
99
7
36
11
12
111
103
15
22
28
34
88
11
110
94
95
33
19
32
24
95
47
28
15
21
33
20
20
36
11
11
7
20
34
25
94
36
24
16
11
17
81
108
17
78
17
89
36
108
20
18
29
30
17
16
90
17
126
31
16
89
108
34
13
88
12
17
102
96
15
90
95
32
12
92
18
10
14
17
100
19
31
34
15
24
34
15
10
16
20
16
35
15
99
106
27
17
113
12
15
16
28
19
14
93
24
111
29
24
102
15
17
15
89
12
14
14
12
91
12
15
18
15
36
17
16
93
15
17
20
15
32
14
14
17
16
16
36
15
20
11
16
14
17
95
18
21
36
12
16
17
15
11