10
6
15
4
8
3
9
15
14
7
8
17
4
14
5
15
17
98
7
8
18
17
4
17
14
4
13
95
5
6
8
8
6
11
5
6
4
7
4
16
4
17
5
10
18
17
8
7
17
21
3
14
10
18
5
4
8
16
4
4
9
7
8
4
14
6
5
8
8
6
4
18
10
4
7
18
15
92
16
4
5
6
5
8
18
4
7
19
10
11
7
16
13
10
6
3
11
8
9
8
9
8
5
17
4
8
6
9
8
4
16
8
8
8
15
16
98
8
7
15
7
18
8
4
8
7
97
8
4
13
17
4
8
5
4
9
18
16
20
15
8
12
5
19
5
8
8
7
5
10
14
6
4
4
15
8
19
6
14
20
5
15
9
6
11
13
13
8
15
9
15
10
99
10
8
8
8
18
20
4
15
4
7
4
4
4
4
24
8
6
19
4
7
9
19
5
4
8
4
5
4
4
9
8
12
10
98
4
15
5
4
5
15
4
13
6
95
13
4
4
9
4
15
19
4
5
4
11
9
20
92
4
14
8
8
8
8
5
10
4
10
10
8
9
4
8
7
10
12
15
4
7
4
8
17
4
9
16
8
15
11
13
8
10
7
6
14
18
7
5
9
17
3
4
7
89
5
8
4
17
10
17
5
4
7
8
8
5
9
4
8
4
10
97
4
6
13
6
4
8
8
8
12
5
7
17
9
8
5
10
8
9
8
10
21
8
17
17
7
4
7
6
14
8
6
8
8
8
6
5
8
8
92
6
18
4
8
4
4
17
100
18
5
16
5
17
5
7
8
98
13
16
5
17
18
8
11
14
11
4
4
5
14
6
18
85
8
13
98
17
4
14
16
14
6
3
14
8
18
7
7
12
94
9
8
6
14
7
7
9
99
6
4
16
18
4
15
7
8
10
14
16
8
8
8
7
8
7
17
10
9
15
8
7
14
10
4
7
5
9
4
6
11
15
5
7
10
93
17
8
19
99
4
5
16
18
8
10
5
7
93
15
15
99
99
6
6
16
18
8
8
21
20
7
4
5
15
5
18
18
4
11
17
8
17
8
18
16
7
16
98
20
10
94
17
4
8
4
8
84
16
15
19
4
5
8
8
18
7
11
18
17
17
8
10
18
8
7
4
6