34
35
48
53
112
37
113
33
10
35
55
35
33
59
55
32
51
43
59
44
46
59
46
63
48
31
58
53
32
54
37
12
39
55
55
111
35
30
113
120
36
7
36
46
33
32
111
39
39
86
126
112
35
32
57
21
34
37
48
110
44
8
32
33
111
41
7
127
9
120
54
38
34
50
128
51
52
48
120
44
39
39
114
110
56
36
44
33
48
33
110
6
111
34
36
35
31
37
47
36
29
111
35
133
113
108
34
33
30
32
10
40
85
28
36
97
21
134
42
43
36
35
32
38
35
32
33
33
37
34
34
40
115
110
109
132
124
37
120
36
112
33
116
109
110
35
85
32
38
33
114
30
32
112
114
109
112
7
111
109
41
31
36
33
41
33
41
34
30
32
111
111
33
115
126
34
33
31
126
29
87
108
31
38
45
42
122
52
131
49
159
38
6
52
50
10
45
58
11
121
35
57
53
13
9
33
50
14
33
43
32
33
43
115
34
35
34
44
38
35
86
6
125
51
84
42
121
42
133
126
43
121
36
138
54
38
122
45
50
40
54
58
118
115
39
44
39
121
9
45
125
116
10
32
36
13
46
40
115
44
40
13
54
43
130
36
36
50
19
38
112
43
39
30
114
130
42
122
45
50
52
38
31
39
33
124
51
36
124
56
58
49
43
31
42
39
37
55
7
42
55
38
37
117
31
43
47
34
122
33
41
31
32
33
38
57
33
24
35
36
33
48
34
112
35
45
33
87
31
110
31
37
40
36
121
63
32
113
113
84
28
85
30
110
49
29
35
34
43
51
12
32
34
33
34
36
30
34
134
31
106
37
32
35
121
30
32
34
8
33
33
32
30
110
107
8
31
113
90
117
48
114
33
88
44
7
110
116
35
116
112
117
11
110
39
35
30
32
37
40
11
39
118
88
108
30
114
42
28
111
34
111
36
30
106
114
117
110
108
107
116
134
37
109
30
112
87
30
106
42
110
34
120
125
38
39
34
53
36
33
32
33
34
113
35
34
34
110
32
34
113
35
37
35
34
112
32
89
102
11
36
111
34
112
37
108
39
35
123
116
57
111
40
45
40
41
114
114
119
115
31
115
113
34
117
111
35
109
33
115
37
29
110
108
111
113
110
36
41
32