13
4
8
99
9
12
9
86
2
9
25
18
18
2
6
6
8
85
2
2
6
13
10
2
6
9
10
9
3
9
9
4
9
9
10
85
9
5
85
6
10
6
8
5
10
6
7
8
7
81
7
103
7
8
8
90
10
84
12
6
5
12
8
2
10
10
10
10
9
23
177
10
4
81
5
6
114
86
10
15
6
12
103
100
8
8
10
25
81
11
86
104
94
24
6
13
6
21
7
10
8
27
24
9
2
88
10
8
87
6
87
5
5
84
89
82
85
19
11
104
9
9
13
88
90
3
13
9
6
15
9
85
2
8
10
6
8
6
83
6
88
10
11
6
85
84
6
1
7
6
9
84
9
4
10
10
90
10
13
14
8
21
11
9
86
2
9
22
22
6
9
6
27
98
2
2
4
92
11
18
83
23
5
91
10
6
15
10
97
91
3
9
89
7
10
83
9
2
83
6
12
9
25
99
23
9
9
94
10
8
10
4
9
13
82
22
9
88
7
21
9
1
5
5
7
23
5
10
10
10
11
10
2
10
9
26
9
8
5
14
6
6
11
10
13
6
8
10
5
9
6
7
2
2
2
6
11
6
8
1
4
9
1
2
7
5
7
9
11
12
16
6
9
11
9
1
10
10
7
6
7
1
2
6
5
8
5
2
8
9
4
2
7
3
6
8
6
9
1
2
6
9
8
7
6
6
6
7
8
6
15
6
9
9
15
79
7
2
7
8
6
90
9
7
3
8
2
3
6
8
7
6
8
6
86
6
6
1
9
6
6
13
2
1
9
6
23
10
6
6
11
5
2
76
6
6
7
1
1
8
2
6
6
9
2
6
5
10
2
7
2
8
1
5
9
6
8
6
6
8
6
11
6
7
6
2
9
6
10
6
9
10
5
90
8
5
6
10
2
6
6
2
2
6
2
6
2
5
10
7
6
3
2
6
4
2
7
5
6
2
6
2
6
6
5
2
2
7
5
6
6
9
10
6
1
7
7
8
8
9
8
5
10
9
8
5
9
8
8
9
3
7
8
2
84