21
20
7
3
4
8
13
8
15
12
5
15
9
6
10
17
6
8
8
18
6
5
4
19
10
8
7
4
7
7
8
17
8
7
15
4
18
16
9
17
9
7
18
15
8
8
8
4
15
6
4
18
4
4
8
4
8
18
4
8
4
8
94
8
4
17
13
16
8
8
17
12
4
8
97
7
7
6
7
10
8
8
6
7
15
7
4
14
8
19
7
8
8
8
8
4
7
4
7
8
6
6
4
5
8
6
15
8
5
4
14
18
5
5
18
8
7
19
94
15
7
8
8
4
8
8
8
9
18
8
8
4
8
8
6
4
8
3
4
4
7
16
8
8
17
8
8
8
9
17
12
6
10
7
8
18
8
7
8
8
4
8
7
7
8
6
4
98
17
9
8
13
17
8
8
4
7
16
9
8
4
5
8
4
8
8
14
4
8
8
7
8
7
8
8
8
8
8
9
17
8
8
8
5
8
9
8
8
9
99
16
7
8
7
8
8
5
8
4
4
4
4
3
3
4
4
4
4
4
4
4
4
4
3
4
4
4
4
4
3
4
4
4
4
4
92
4
4
5
4
4
3
9
5
6
3
4
5
4
7
3
4
3
5
4
4
4
4
4
5
4
4
5
4
4
5
94
4
4
4
92
4
4
4
4
80
4
4
4
5
4
4
4
3
3
4
6
3
4
4
4
93
3
4
4
4
3
3
7
4
4
3
5
6
4
93
95
4
7
6
5
5
4
5
5
3
4
3
7
7
3
9
8
4
18
5
6
8
9
8
11
8
8
7
8
3
98
6
18
96
8
17
15
8
13
6
4
98
7
11
7
8
8
3
7
8
12
15
8
7
9
8
4
13
17
4
4
3
3
4
8
17
8
91
7
8
3
7
8
7
8
100
4
7
8
7
8
5
8
7
11
8
18
8
19
8
9
13
8
8
8
98
8
15
8
4
4
8
4
96
7
9
8
8
8
8
8
7
17
8
8
8
7
7
4
7
5
7
4
8
14
8
5
9
4
4
4
5
16
97
18
18
8
4
17
4
3
5
8
8
14
7
8
7
15
7
4
8
6
7
8
8
11
8
8
9
7
18
7
8
13
7
12
3
9
4
8
10
4
7
8
18
8
16
13
8
17
15
17
8