6
4
171
85
6
4
4
4
8
6
7
1
9
8
81
6
5
6
8
7
173
19
16
8
7
8
4
6
17
158
86
5
8
173
7
9
4
4
5
1
1
4
1
3
4
4
2
4
4
4
4
1
4
77
1
4
4
4
3
8
169
92
10
4
6
5
5
100
4
172
8
10
5
7
6
5
1
8
7
6
8
5
4
8
7
8
4
8
7
6
8
5
84
1
2
8
4
8
19
85
85
5
4
7
97
9
93
1
6
96
10
8
8
84
8
6
8
9
1
5
7
156
4
4
8
85
15
8
77
7
173
84
8
8
9
84
4
4
96
3
4
3
1
81
6
1
8
1
4
5
4
1
4
2
1
1
4
5
1
83
4
4
1
5
5
4
4
2
4
4
5
4
80
4
157
1
5
4
1
1
6
168
3
1
1
2
1
5
4
1
4
1
4
4
4
4
5
4
4
2
1
4
4
1
6
1
80
4
4
2
3
1
1
1
92
7
4
4
2
2
4
4
13
8
8
5
8
8
8
6
2
6
7
8
86
5
8
96
8
1
173
5
7
6
84
8
4
85
4
1
82
4
4
78
4
4
1
4
4
4
1
2
1
3
1
4
1
4
3
1
4
5
4
4
4
1
1
4
4
1
4
155
4
4
78
4
4
80
4
6
8
6
8
7
4
172
85
94
159
7
8
94
8
158
82
8
4
7
8
4
8
8
5
5
6
8
7
82
7
8
8
4
8
18
13
156
5
2
5
4
4
1
1
4
4
2
5
3
4
2
2
4
4
2
4
4
4
4
1
1
78
3
2
157
94
82
4
1
4
1
76
4
7
4
91
4
78
6
11
6
18
4
6
5
7
8
86
2
8
85
8
1
4
8
8
5
8
8
96
7
4
4
4
1
5
1
3
4
79
4
3
4
4
4
77
3
3
1
1
4
1
3
4
5
78
4
1
4
4
4
4
4
4
1
4
92
154
4
3
4
76
5
5
4
8
8
7
16
78
12
8
91
87
8
10
96
7
5
11
94
86
8
79
1
1
4
1
4
4
1
4
4
1
5
79
4
1
1
79
1
4
4
1
4
4
4
4
4
4
78
4
4
4
1
79
4
3
4
4
4
3
4
1
4
3
5
4
7
5
4