5
19
4
17
9
16
5
9
14
8
8
19
9
8
14
96
11
101
16
11
7
6
4
8
9
9
7
8
9
7
8
8
8
8
8
16
8
8
18
4
9
8
8
8
7
18
4
4
6
4
7
8
7
4
6
8
7
4
5
18
8
3
9
100
7
8
10
15
98
17
5
8
6
17
14
8
6
5
9
4
3
4
4
8
9
4
8
7
7
13
18
7
6
10
5
4
8
4
4
20
11
8
8
7
8
6
11
16
8
3
4
9
5
8
4
4
8
4
18
8
9
7
7
13
20
8
6
4
4
7
10
7
8
8
5
8
9
8
7
7
5
8
8
11
19
7
19
15
16
14
4
10
9
3
99
100
6
10
7
16
8
6
3
20
4
6
8
10
8
8
10
16
11
8
7
7
20
9
9
4
4
7
8
4
4
4
4
4
4
4
3
5
7
4
4
4
4
4
4
7
79
4
3
4
93
4
4
4
4
4
4
4
4
4
4
4
4
4
4
4
4
3
4
4
4
4
4
4
4
80
4
4
4
3
4
4
4
4
4
3
4
5
4
4
4
4
4
4
3
4
4
4
4
4
4
3
4
4
4
4
4
4
5
3
4
4
4
4
4
4
4
4
4
4
4
4
4
5
4
4
4
3
4
4
4
4
4
2
5
4
5
4
4
4
4
4
4
4
3
4
4
4
4
4
4
94
3
4
94
5
4
4
3
4
4
3
3
4
93
4
5
4
4
5
4
6
4
10
4
5
7
10
8
16
14
9
8
8
21
99
14
8
18
9
7
20
16
8
15
9
7
4
4
4
19
10
8
9
4
17
15
4
4
8
6
8
4
8
8
8
8
6
8
8
17
16
4
4
8
8
8
7
15
8
7
8
8
9
8
8
10
9
8
8
94
4
9
6
6
4
4
99
8
15
15
19
9
19
17
3
4
4
8
98
9
8
8
11
8
8
7
9
18
4
4
97
18
17
3
4
8
8
10
17
98
7
6
8
8
10
4
4
8
8
5
9
6
8
7
8
9
8
7
5
8
8
8
9
8
8
11
7
15
8
8
9
8
16
7
19
8
8
16
7
17
8
4
7
7
18
7
8
15
7
4
8
5
4
7
8
8
8
10
8
10
8
5
10
8
16
17
8
4
15
8
8
8
9
5
8
4
4
8
8
9
8
5
4
8
4
8
16
4
8
8
100
17
8
8
4
17
19
8
18
8
7
8
10
8
8
99
8
5
16
18
8
8
4
4
9
5
4
13
8
9
5
10
17
6
8
96
4
4
5
4
4
4
94
4
4
3
4
4
4
4
5
7
4
5
4
6
5
3
4
4
5
4
5
4
5
4
5
4
4
5
4
4
5
95
4
4
7
4
4
4
4
4
5
5
6
5
5
4
4
3
4
4
5
4
2
5
3
5
4
4
3
7
4
4
4
4
4
4
4
4
19
4
4
4
4
4
4
4
4
4
6
3
4
4
4
5
4
5
4
94
4
4
4
4
5
4
4
5
5
4
4
5
4
4
4
4
4
4
3
4
5
4
5
4
5
3
4
5
4
5
4
4
5
5
5
4
5
4
4
4
4
5
4
5
4
4
3
4
4
4
7
4
5
4
5
4
8
3
4
6
5
4
4
4
4
94
3
4
4
4
4
3
3
5
4
4
3
4
4
94
4
7
5
4
4
6
4
4
6
8
4
5
5
3
4
5
4
5
4
4
7
4
4
3
5
4
4
5
6
4
5
4
4
4
4
96
4
4
5
4
4
4
4
4
4
4
5
4
4
4
4
4
6
5
5
4
4
94
4
4
7
4
6
9
93
5
5
6
7
5
6
6
9
4
4
4
5
6
5
5
7
5
4
4
5
6
94
5
5
4
6
5
5
96
4
4
5
5
4
5
7
7
5
4
4
9
3
4
4
4
7
7
4
4
93
5
4
4
14
8
16
7
20
15
17
4
4
10
8
15
5
8
9
16
14
96
19
9
101
4
9
9
5
8
11
8
8
7
5
7
10
9
19
7
7
9
18
5
8
18
8
8
8
6
4
4
18
15
8
19
20
8
8
6
11
19
96
17
10
10
5
8
8
8
4
8
8
20
7
8
4
18
9
10
4
8
4
8
10
10
20
12
10
8
9
18
8
8
5
4
4
10
8
13
11
8
18
19
4
5
7
18
7
18
10
8
8
7
8
4
4
8
7
8
8
8
8
8
8
11
8
13
8
8
8
6
4
8
8
9
7
7
8
8
7
7
5
9
8
7
18
8
8
98
5
8